4096 1 1
3.1652e-10 3.1652e-10 3.1652e-10
28.9589
28.9407
28.8862
28.7955
28.6691
28.5074
28.3111
28.0807
27.8172
27.5216
27.195
26.8384
26.4533
26.0409
25.6028
25.1404
24.6554
24.1493
23.624
23.081
22.5222
21.9493
21.3641
20.7684
20.1639
19.5524
18.9357
18.3154
17.6932
17.0706
16.4492
15.8306
15.2161
14.607
14.0048
13.4105
12.8252
12.2502
11.6862
11.1341
10.5949
10.069
9.5573
9.06017
8.57811
8.11149
7.66063
7.22573
6.80697
6.40442
6.0181
5.64799
5.29398
4.95592
4.63363
4.32685
4.03531
3.75869
3.49663
3.24875
3.01466
2.79392
2.58609
2.39071
2.20732
2.03544
1.87458
1.72427
1.58401
1.45334
1.33177
1.21884
1.11409
1.01705
0.927307
0.844418
0.767972
0.697569
0.632824
0.573368
0.518845
0.468917
0.423261
0.381571
0.343555
0.308938
0.27746
0.248877
0.222957
0.199486
0.178262
0.159096
0.141812
0.126247
0.112249
0.0996781
0.0884037
0.078306
0.0692746
0.0612078
0.0540125
0.0476031
0.0419016
0.0368367
0.0323433
0.0283624
0.0248402
0.021728
0.018982
0.0165621
0.0144326
0.0125611
0.0109185
0.00947883
0.00821864
0.00711703
0.00615535
0.00531692
0.00458693
0.00395219
0.00340101
0.00292302
0.00250906
0.00215101
0.00184174
0.00157496
0.00134513
0.0011474
0.000977501
0.000831715
0.000706783
0.000599862
0.000508477
0.000430472
0.000363976
0.000307366
0.000259234
0.000218365
0.000183707
0.000154357
0.000129532
0.000108564
9.08755e-05
7.59735e-05
6.34354e-05
5.28999e-05
4.40588e-05
3.66492e-05
3.04474e-05
2.52633e-05
2.09356e-05
1.73274e-05
1.43231e-05
1.18248e-05
9.74998e-06
8.02914e-06
6.60371e-06
5.42452e-06
4.4503e-06
3.64645e-06
2.98405e-06
2.43891e-06
1.99086e-06
1.62307e-06
1.32157e-06
1.07472e-06
8.72886e-07
7.08064e-07
5.73642e-07
4.64156e-07
3.75095e-07
3.02742e-07
2.44038e-07
1.96471e-07
1.57976e-07
1.26864e-07
1.01752e-07
8.15075e-08
6.5209e-08
5.21041e-08
4.15806e-08
3.31408e-08
2.6381e-08
2.09735e-08
1.66535e-08
1.32067e-08
1.04602e-08
8.27441e-09
6.53715e-09
5.15816e-09
4.06494e-09
3.1994e-09
2.515e-09
1.97451e-09
1.54823e-09
1.21246e-09
9.48313e-10
7.40784e-10
5.77944e-10
4.50331e-10
3.50457e-10
2.72389e-10
2.11449e-10
1.63934e-10
1.26936e-10
9.81658e-11
7.58218e-11
5.84914e-11
4.50618e-11
3.46763e-11
2.66499e-11
2.04554e-11
1.568e-11
1.2006e-11
9.17955e-12
7.01272e-12
5.3505e-12
4.07496e-12
3.1013e-12
2.35623e-12
1.78779e-12
1.35569e-12
1.02707e-12
7.75713e-13
5.88085e-13
4.442e-13
3.3451e-13
2.52687e-13
1.90403e-13
1.42553e-13
1.08358e-13
8.14904e-14
6.11733e-14
4.65183e-14
3.30846e-14
2.4869e-14
1.85407e-14
1.38778e-14
9.32587e-15
8.21565e-15
7.10543e-15
4.77396e-15
5.21805e-15
3.33067e-15
1.77636e-15
2.88658e-15
3.55271e-15
2.55351e-15
8.88178e-16
1.11022e-16
-4.44089e-16
-3.10862e-15
6.66134e-16
1.55431e-15
2.44249e-15
1.55431e-15
2.9976e-15
2.88658e-15
2.88658e-15
7.21645e-15
3.33067e-15
5.32907e-15
3.77476e-15
2.10942e-15
2.44249e-15
1.22125e-15
2.9976e-15
1.11022e-15
6.77236e-15
6.10623e-15
6.88338e-15
4.996e-15
5.44009e-15
5.32907e-15
9.54792e-15
5.88418e-15
8.32667e-15
6.55032e-15
7.77156e-15
6.43929e-15
5.66214e-15
8.54872e-15
9.10383e-15
1.06581e-14
1.03251e-14
7.88258e-15
8.32667e-15
7.66054e-15
6.32827e-15
7.10543e-15
9.21485e-15
9.76996e-15
8.65974e-15
8.32667e-15
6.10623e-15
9.21485e-15
1.03251e-14
8.21565e-15
6.43929e-15
9.54792e-15
4.66294e-15
4.996e-15
4.21885e-15
3.66374e-15
1.77636e-15
4.21885e-15
5.10703e-15
2.10942e-15
2.33147e-15
1.77636e-15
3.33067e-15
1.22125e-15
1.22125e-15
3.33067e-16
-8.88178e-16
-1.77636e-15
-2.44249e-15
3.33067e-16
-3.55271e-15
-3.10862e-15
-2.22045e-15
-2.22045e-15
-5.10703e-15
-7.54952e-15
-4.66294e-15
-3.9968e-15
-3.55271e-15
-4.66294e-15
-7.10543e-15
-7.99361e-15
-7.10543e-15
-6.43929e-15
-7.54952e-15
-9.10383e-15
-8.88178e-15
-9.10383e-15
-8.21565e-15
-8.43769e-15
-5.77316e-15
-5.55112e-15
-6.88338e-15
-8.65974e-15
-8.88178e-15
-6.21725e-15
-5.77316e-15
-7.99361e-15
-8.43769e-15
-6.43929e-15
-9.99201e-15
-1.06581e-14
-1.17684e-14
-7.32747e-15
-2.66454e-15
-2.66454e-15
-5.55112e-15
-4.88498e-15
-7.32747e-15
-5.10703e-15
-6.43929e-15
-1.77636e-15
-1.55431e-15
-5.32907e-15
-5.77316e-15
-5.32907e-15
-6.43929e-15
-1.33227e-15
-1.11022e-15
4.77396e-15
4.55191e-15
3.9968e-15
-1.9984e-15
-6.66134e-16
0
2.22045e-16
4.21885e-15
4.10783e-15
-1.33227e-15
-1.33227e-15
-4.44089e-16
1.9984e-15
1.9984e-15
4.77396e-15
6.21725e-15
4.996e-15
6.21725e-15
5.88418e-15
3.33067e-16
-6.66134e-16
4.66294e-15
4.21885e-15
1.9984e-15
-6.66134e-16
1.11022e-16
-1.11022e-15
5.9952e-15
6.43929e-15
4.88498e-15
4.88498e-15
7.66054e-15
5.55112e-15
2.66454e-15
1.88738e-15
1.55431e-15
3.33067e-15
2.66454e-15
-8.88178e-16
6.66134e-16
9.99201e-16
1.22125e-15
7.77156e-16
4.44089e-16
1.9984e-15
3.55271e-15
1.33227e-15
2.22045e-15
1.33227e-15
4.44089e-16
1.22125e-15
1.66533e-15
8.88178e-16
1.11022e-15
0
9.99201e-16
1.44329e-15
1.77636e-15
-1.77636e-15
-2.22045e-16
7.77156e-16
5.55112e-16
1.11022e-16
-2.88658e-15
-2.66454e-15
-2.66454e-15
-1.77636e-15
4.996e-15
3.44169e-15
4.21885e-15
5.77316e-15
5.55112e-15
2.44249e-15
3.55271e-15
4.996e-15
4.21885e-15
3.21965e-15
1.21014e-14
1.33227e-14
1.15463e-14
1.23235e-14
6.88338e-15
1.19904e-14
1.24345e-14
1.14353e-14
1.21014e-14
5.21805e-15
5.88418e-15
1.02141e-14
9.21485e-15
1.02141e-14
1.31006e-14
1.24345e-14
1.0103e-14
9.32587e-15
9.99201e-15
1.95399e-14
2.0095e-14
1.35447e-14
1.37668e-14
1.33227e-14
1.27676e-14
1.22125e-14
1.17684e-14
1.17684e-14
5.88418e-15
1.29896e-14
1.16573e-14
9.21485e-15
7.77156e-15
6.77236e-15
6.43929e-15
1.11022e-14
8.65974e-15
7.99361e-15
2.33147e-15
1.55431e-15
-4.44089e-16
-5.10703e-15
-6.21725e-15
-2.44249e-15
-4.44089e-15
-1.11022e-15
-4.44089e-15
-5.55112e-15
-6.88338e-15
-9.32587e-15
-1.02141e-14
-1.02141e-14
-1.5099e-14
-1.68754e-14
-2.10942e-14
-1.9762e-14
-2.17604e-14
-2.26485e-14
-2.22045e-14
-2.84217e-14
-2.84217e-14
-2.9754e-14
-2.39808e-14
-2.37588e-14
-2.42029e-14
-2.64233e-14
-2.64233e-14
-1.77636e-14
-1.77636e-14
-2.73115e-14
-2.73115e-14
-3.13083e-14
-2.88658e-14
-2.9754e-14
-2.17604e-14
-2.19824e-14
-2.17604e-14
-2.62013e-14
-2.68674e-14
-2.44249e-14
-2.44249e-14
-2.24265e-14
-2.22045e-14
-2.10942e-14
-1.9984e-14
-1.90958e-14
-1.68754e-14
-1.59872e-14
-1.79856e-14
-1.75415e-14
-1.9762e-14
-8.21565e-15
-7.54952e-15
-7.54952e-15
-6.43929e-15
-7.99361e-15
-7.77156e-15
-6.66134e-15
-1.77636e-15
-4.44089e-16
-2.66454e-15
-3.55271e-15
-2.88658e-15
7.54952e-15
8.88178e-15
6.55032e-15
7.21645e-15
6.43929e-15
8.88178e-15
9.54792e-15
4.88498e-15
1.11022e-14
6.32827e-15
7.10543e-15
1.18794e-14
1.4877e-14
1.27676e-14
1.25455e-14
1.37668e-14
1.42109e-14
1.4877e-14
1.4988e-14
1.78746e-14
1.89848e-14
2.16493e-14
2.20934e-14
8.32667e-15
1.03251e-14
9.99201e-15
8.43769e-15
9.4369e-15
1.07692e-14
1.02141e-14
1.02141e-14
1.12133e-14
1.02141e-14
1.44329e-14
1.12133e-14
1.15463e-14
1.08802e-14
1.11022e-14
1.03251e-14
8.77076e-15
8.77076e-15
5.9952e-15
5.88418e-15
9.76996e-15
1.11022e-14
1.24345e-14
1.31006e-14
3.10862e-15
6.21725e-15
4.77396e-15
8.10463e-15
8.10463e-15
7.43849e-15
2.66454e-15
9.99201e-16
3.55271e-15
4.10783e-15
4.21885e-15
-4.44089e-15
-4.66294e-15
1.11022e-16
-1.33227e-15
4.996e-15
4.88498e-15
9.99201e-16
4.32987e-15
1.66533e-15
-4.66294e-15
-4.44089e-15
-3.10862e-15
-2.44249e-15
-3.77476e-15
-4.44089e-16
-2.22045e-16
1.66533e-15
2.44249e-15
-5.9952e-15
2.66454e-15
2.22045e-15
-6.88338e-15
-8.65974e-15
-3.77476e-15
-4.44089e-15
-4.44089e-15
-5.9952e-15
-5.32907e-15
0
0
-5.55112e-15
-6.21725e-15
-6.88338e-15
-8.88178e-16
-8.88178e-16
-4.21885e-15
-8.88178e-16
-2.66454e-15
-3.10862e-15
-3.55271e-15
-4.88498e-15
-5.55112e-15
-5.55112e-15
-5.77316e-15
-3.55271e-15
-4.66294e-15
-4.88498e-15
-4.44089e-15
3.55271e-15
3.44169e-15
2.66454e-15
-1.55431e-15
-8.88178e-16
-6.66134e-16
-2.88658e-15
-9.76996e-15
-8.21565e-15
-7.77156e-15
-1.55431e-15
-8.88178e-16
-1.11022e-15
-2.22045e-16
5.55112e-16
6.66134e-16
0
5.55112e-16
1.44329e-15
-8.88178e-16
-1.9984e-15
-1.11022e-15
2.55351e-15
3.10862e-15
2.66454e-15
1.9984e-15
2.9976e-15
1.55431e-15
3.44169e-15
2.10942e-15
1.55431e-15
-6.66134e-16
4.21885e-15
5.32907e-15
4.66294e-15
4.88498e-15
1.55431e-15
9.99201e-16
7.77156e-16
3.66374e-15
3.9968e-15
2.77556e-15
2.9976e-15
-8.88178e-16
3.9968e-15
-1.77636e-15
-2.22045e-15
-8.88178e-16
2.33147e-15
1.88738e-15
2.33147e-15
6.21725e-15
5.88418e-15
5.44009e-15
6.32827e-15
1.11022e-15
3.33067e-16
6.66134e-16
-5.9952e-15
-5.77316e-15
-6.88338e-15
-7.54952e-15
-4.66294e-15
-6.21725e-15
-5.55112e-15
8.21565e-15
8.99281e-15
8.54872e-15
5.55112e-15
5.55112e-15
5.44009e-15
4.44089e-15
-2.44249e-15
4.66294e-15
-3.10862e-15
-2.44249e-15
-2.22045e-15
0
-1.33227e-15
0
4.32987e-15
3.77476e-15
4.66294e-15
3.77476e-15
2.77556e-15
2.9976e-15
3.10862e-15
-6.66134e-16
-2.22045e-15
-6.66134e-16
1.11022e-15
5.55112e-15
5.77316e-15
4.88498e-15
1.25455e-14
1.19904e-14
1.18794e-14
1.21014e-14
5.21805e-15
4.32987e-15
5.88418e-15
6.88338e-15
6.66134e-15
6.21725e-15
9.32587e-15
9.54792e-15
1.03251e-14
9.99201e-15
1.31006e-14
1.42109e-14
1.31006e-14
1.38778e-14
1.45439e-14
1.34337e-14
1.42109e-14
1.4766e-14
1.56541e-14
1.45439e-14
8.43769e-15
7.21645e-15
5.9952e-15
7.43849e-15
1.40998e-14
1.32117e-14
1.44329e-14
1.31006e-14
1.33227e-14
1.23235e-14
1.24345e-14
-8.88178e-16
-2.22045e-16
8.88178e-16
1.55431e-15
9.99201e-16
9.99201e-16
7.77156e-15
6.99441e-15
7.21645e-15
7.43849e-15
9.65894e-15
8.10463e-15
8.21565e-15
6.88338e-15
7.32747e-15
6.21725e-15
5.10703e-15
-3.77476e-15
-5.10703e-15
-4.66294e-15
1.77636e-15
2.55351e-15
2.22045e-15
6.21725e-15
6.77236e-15
5.88418e-15
5.10703e-15
-6.66134e-15
-6.43929e-15
-7.32747e-15
-1.77636e-15
-1.77636e-15
-2.44249e-15
-2.66454e-15
-5.32907e-15
-3.9968e-15
-4.21885e-15
-5.32907e-15
-5.55112e-15
-5.9952e-15
-2.22045e-15
-2.66454e-15
-3.55271e-15
-5.77316e-15
-3.9968e-15
-4.44089e-15
-5.55112e-15
-4.66294e-15
-1.08802e-14
-9.54792e-15
-1.02141e-14
-9.99201e-15
-1.08802e-14
-1.19904e-14
-1.08802e-14
-4.66294e-15
-4.44089e-15
-2.22045e-15
6.55032e-15
4.996e-15
5.66214e-15
3.10862e-15
1.44329e-15
1.66533e-15
1.33227e-15
-3.55271e-15
-4.21885e-15
-4.66294e-15
-1.06581e-14
-1.11022e-14
-1.08802e-14
-9.99201e-15
-1.15463e-14
-1.31006e-14
-1.11022e-14
-5.77316e-15
-5.9952e-15
-4.88498e-15
-3.55271e-15
-4.21885e-15
-4.21885e-15
-3.9968e-15
-6.21725e-15
-6.66134e-15
-6.43929e-15
1.11022e-16
0
-5.9952e-15
-6.66134e-15
-8.65974e-15
-1.02141e-14
-9.76996e-15
-6.43929e-15
-7.54952e-15
-8.65974e-15
-3.33067e-15
-3.77476e-15
-3.9968e-15
-2.22045e-15
-4.21885e-15
-3.77476e-15
-2.88658e-15
-2.44249e-15
-6.21725e-15
-5.32907e-15
-5.32907e-15
-6.66134e-16
0
-1.11022e-15
-4.44089e-16
-4.44089e-15
-3.77476e-15
-5.32907e-15
-1.26565e-14
-1.46549e-14
-1.42109e-14
-1.62093e-14
-1.66533e-14
-1.64313e-14
-1.59872e-14
-1.95399e-14
-1.9762e-14
-1.79856e-14
-1.37668e-14
-1.5099e-14
-1.33227e-14
-1.37668e-14
-1.9984e-15
-3.33067e-15
-4.66294e-15
-9.32587e-15
-1.06581e-14
-1.02141e-14
-9.76996e-15
-1.08802e-14
-1.02141e-14
-1.13243e-14
-1.64313e-14
-1.66533e-14
-1.70974e-14
-1.93179e-14
-2.06501e-14
-2.13163e-14
-2.02061e-14
-1.13243e-14
-1.19904e-14
-1.15463e-14
-1.4877e-14
-1.4877e-14
-1.4877e-14
-1.66533e-14
-1.59872e-14
-1.68754e-14
-1.59872e-14
-1.79856e-14
-1.79856e-14
-1.68754e-14
-1.59872e-14
-1.66533e-14
-1.64313e-14
-1.68754e-14
-1.59872e-14
-1.46549e-14
-1.53211e-14
-1.46549e-14
-1.33227e-14
-1.46549e-14
-1.37668e-14
-1.13243e-14
-1.02141e-14
-1.04361e-14
-1.9762e-14
-1.90958e-14
-1.84297e-14
-1.77636e-14
-4.21885e-15
-4.21885e-15
-2.66454e-15
2.88658e-15
3.9968e-15
4.77396e-15
-2.22045e-15
-1.77636e-15
-1.33227e-15
2.22045e-16
-9.10383e-15
-8.43769e-15
-7.10543e-15
-4.88498e-15
-3.77476e-15
-1.11022e-15
-6.66134e-16
8.77076e-15
9.10383e-15
9.99201e-15
7.10543e-15
7.10543e-15
7.54952e-15
9.65894e-15
9.4369e-15
1.26565e-14
1.17684e-14
1.57652e-14
1.59872e-14
1.75415e-14
1.40998e-14
1.57652e-14
1.64313e-14
1.75415e-14
1.60982e-14
1.68754e-14
1.89848e-14
1.4766e-14
1.43219e-14
1.73195e-14
1.76525e-14
1.60982e-14
1.55431e-14
1.63203e-14
1.75415e-14
1.73195e-14
1.72085e-14
1.84297e-14
2.14273e-14
2.14273e-14
2.20934e-14
2.15383e-14
2.17604e-14
2.16493e-14
2.26485e-14
2.37588e-14
2.4869e-14
2.52021e-14
2.58682e-14
2.65343e-14
2.4758e-14
2.67564e-14
2.60902e-14
2.63123e-14
2.43139e-14
2.63123e-14
2.498e-14
2.53131e-14
2.55351e-14
2.52021e-14
2.62013e-14
2.57572e-14
2.68674e-14
2.69784e-14
2.63123e-14
2.54241e-14
2.57572e-14
2.5091e-14
2.5091e-14
2.44249e-14
2.44249e-14
2.57572e-14
2.40918e-14
2.35367e-14
2.16493e-14
1.80966e-14
1.73195e-14
1.80966e-14
1.59872e-14
1.95399e-14
1.88738e-14
1.69864e-14
1.85407e-14
1.88738e-14
1.84297e-14
2.15383e-14
1.75415e-14
1.64313e-14
1.55431e-14
1.68754e-14
1.62093e-14
1.53211e-14
1.4988e-14
1.94289e-14
1.87628e-14
1.66533e-14
1.16573e-14
1.11022e-14
1.03251e-14
9.76996e-15
9.99201e-16
3.33067e-16
-2.22045e-16
7.43849e-15
5.9952e-15
4.32987e-15
-6.88338e-15
-6.43929e-15
-6.88338e-15
-9.32587e-15
-1.5099e-14
-1.5099e-14
-1.73195e-14
-1.08802e-14
-1.08802e-14
-1.33227e-14
-1.28786e-14
-3.33067e-15
-4.44089e-15
-7.10543e-15
-8.65974e-15
-7.99361e-15
-1.02141e-14
-2.15383e-14
-2.39808e-14
-2.37588e-14
-2.44249e-14
-1.88738e-14
-1.88738e-14
-1.9762e-14
-2.02061e-14
-1.68754e-14
-1.62093e-14
-1.64313e-14
-3.06422e-14
-3.17524e-14
-3.24185e-14
-1.68754e-14
-1.64313e-14
-1.77636e-14
-2.22045e-14
-2.35367e-14
-2.19824e-14
-1.79856e-14
-2.19824e-14
-2.10942e-14
-2.10942e-14
-2.06501e-14
-1.88738e-14
-1.77636e-14
-1.66533e-14
-7.99361e-15
-8.21565e-15
-1.04361e-14
-9.10383e-15
-2.35367e-14
-2.28706e-14
-2.26485e-14
-1.28786e-14
-1.22125e-14
-1.22125e-14
-1.15463e-14
-1.06581e-14
-9.10383e-15
-8.88178e-15
-6.43929e-15
-6.21725e-15
-4.21885e-15
5.55112e-16
2.22045e-16
1.44329e-15
2.22045e-15
-9.54792e-15
-7.77156e-15
-8.43769e-15
-1.44329e-14
-1.33227e-14
-1.33227e-14
-4.88498e-15
-5.32907e-15
-6.66134e-15
-6.21725e-15
-3.55271e-15
-2.44249e-15
-2.44249e-15
1.66533e-15
-1.11022e-15
-1.11022e-15
5.55112e-16
6.21725e-15
7.43849e-15
5.88418e-15
3.77476e-15
4.88498e-15
5.77316e-15
-1.11022e-15
-4.44089e-16
-1.11022e-15
-1.11022e-15
-2.22045e-16
-2.44249e-15
-3.33067e-15
-3.55271e-15
-1.55431e-15
-1.33227e-15
-1.55431e-15
-6.66134e-16
-1.33227e-15
-2.22045e-16
-6.66134e-15
-7.10543e-15
-8.21565e-15
-7.32747e-15
1.9984e-15
1.44329e-15
1.66533e-15
5.32907e-15
7.21645e-15
6.21725e-15
6.10623e-15
-6.88338e-15
-7.10543e-15
-7.77156e-15
-1.4877e-14
-1.44329e-14
-1.42109e-14
1.88738e-15
8.88178e-16
8.88178e-16
1.22125e-15
-1.02141e-14
-1.04361e-14
-1.06581e-14
-1.02141e-14
-9.10383e-15
-8.65974e-15
-8.43769e-15
9.21485e-15
8.65974e-15
8.65974e-15
-4.44089e-16
-4.44089e-16
2.22045e-16
-1.4877e-14
-1.53211e-14
-1.4877e-14
-1.57652e-14
-2.88658e-15
-1.55431e-15
-3.55271e-15
-6.88338e-15
-6.43929e-15
-6.66134e-15
-5.77316e-15
2.22045e-16
2.22045e-16
8.88178e-16
-2.22045e-15
6.66134e-16
1.33227e-15
2.22045e-15
-1.55431e-15
-2.44249e-15
-1.55431e-15
5.55112e-16
7.77156e-16
5.55112e-16
9.99201e-16
4.32987e-15
4.88498e-15
5.21805e-15
1.13243e-14
1.17684e-14
1.22125e-14
1.13243e-14
9.88098e-15
8.54872e-15
7.32747e-15
1.44329e-15
3.33067e-16
3.33067e-16
1.36557e-14
1.23235e-14
1.43219e-14
1.42109e-14
-3.77476e-15
-3.77476e-15
-4.44089e-15
3.66374e-15
3.44169e-15
4.21885e-15
4.10783e-15
4.996e-15
4.44089e-15
3.66374e-15
-7.54952e-15
-8.43769e-15
-9.76996e-15
-6.21725e-15
-7.77156e-15
-7.54952e-15
-6.66134e-15
4.88498e-15
4.44089e-15
2.9976e-15
-3.55271e-15
-2.88658e-15
-2.44249e-15
-2.88658e-15
3.33067e-16
-1.11022e-15
-2.22045e-16
-2.22045e-15
-6.66134e-16
-2.22045e-16
3.33067e-16
-1.9984e-15
-2.88658e-15
-8.88178e-16
-3.77476e-15
-2.22045e-15
-3.77476e-15
-3.10862e-15
-7.32747e-15
-6.43929e-15
-7.10543e-15
-6.66134e-15
-6.66134e-15
-6.43929e-15
-6.43929e-15
-5.77316e-15
-5.55112e-15
-6.21725e-15
-6.88338e-15
-5.10703e-15
-3.33067e-15
-9.32587e-15
-2.66454e-15
1.76525e-14
1.78746e-14
1.90958e-14
1.79856e-14
1.90958e-14
2.02061e-14
1.95399e-14
1.16573e-14
1.19904e-14
1.27676e-14
1.46549e-14
1.45439e-14
1.52101e-14
1.43219e-14
-4.88498e-15
-3.77476e-15
-3.33067e-15
-4.66294e-15
-3.77476e-15
-3.9968e-15
9.99201e-16
3.33067e-16
-1.55431e-15
-4.44089e-16
-2.22045e-16
-8.88178e-16
0
1.5099e-14
1.58762e-14
1.42109e-14
1.5099e-14
1.43219e-14
1.43219e-14
1.33227e-14
1.37668e-14
1.34337e-14
1.25455e-14
1.38778e-14
6.10623e-15
7.32747e-15
7.66054e-15
7.99361e-15
7.54952e-15
7.66054e-15
6.77236e-15
-4.44089e-16
5.55112e-16
0
1.11022e-15
6.66134e-16
4.44089e-16
1.11022e-16
8.10463e-15
6.99441e-15
7.77156e-15
7.66054e-15
6.21725e-15
6.66134e-15
1.14353e-14
9.99201e-15
1.0103e-14
9.4369e-15
8.77076e-15
7.99361e-15
7.32747e-15
5.77316e-15
6.10623e-15
6.10623e-15
6.55032e-15
6.55032e-15
8.43769e-15
7.43849e-15
1.85407e-14
2.03171e-14
1.9762e-14
1.96509e-14
1.9762e-14
2.0095e-14
2.06501e-14
4.66294e-15
3.9968e-15
4.32987e-15
3.88578e-15
4.88498e-15
4.66294e-15
5.66214e-15
6.10623e-15
5.21805e-15
3.55271e-15
5.77316e-15
4.55191e-15
4.88498e-15
4.44089e-15
4.44089e-15
3.33067e-15
3.33067e-15
9.21485e-15
8.54872e-15
9.32587e-15
8.65974e-15
8.99281e-15
7.77156e-15
7.77156e-15
1.32117e-14
1.25455e-14
1.31006e-14
1.32117e-14
1.29896e-14
1.19904e-14
1.25455e-14
1.77636e-15
1.33227e-15
-1.11022e-15
-8.88178e-16
-2.88658e-15
-4.21885e-15
-3.55271e-15
-8.88178e-16
-4.44089e-16
1.11022e-16
-6.66134e-16
-6.66134e-16
-1.55431e-15
-1.55431e-15
-5.32907e-15
-6.43929e-15
-6.43929e-15
-6.88338e-15
-7.99361e-15
-1.02141e-14
-4.44089e-15
-5.10703e-15
-7.77156e-15
-8.88178e-15
-9.54792e-15
-1.04361e-14
-1.11022e-14
1.33227e-15
1.88738e-15
2.22045e-16
1.11022e-16
-6.66134e-16
-1.77636e-15
-2.22045e-15
-2.53131e-14
-2.53131e-14
-2.44249e-15
-4.44089e-15
-2.79776e-14
-2.75335e-14
-2.84217e-14
-2.81997e-14
-2.95319e-14
-2.9976e-14
-2.9754e-14
-2.13163e-14
-2.17604e-14
-2.22045e-14
-2.28706e-14
-2.53131e-14
-2.5091e-14
2.66454e-15
2.55351e-15
1.22125e-15
9.99201e-16
6.66134e-16
2.10942e-15
3.10862e-15
-1.06581e-14
-8.43769e-15
-9.54792e-15
-8.21565e-15
-6.88338e-15
-6.66134e-15
-5.32907e-15
-8.65974e-15
-9.99201e-15
-9.10383e-15
-9.76996e-15
-8.88178e-15
-8.43769e-15
-8.65974e-15
2.9976e-15
3.21965e-15
3.44169e-15
-7.99361e-15
-7.77156e-15
-7.99361e-15
-7.32747e-15
-9.54792e-15
-8.21565e-15
-8.65974e-15
-9.10383e-15
-8.21565e-15
-7.32747e-15
-7.32747e-15
-9.10383e-15
-7.54952e-15
-7.32747e-15
-8.43769e-15
-7.10543e-15
-8.21565e-15
-8.21565e-15
4.996e-15
-5.77316e-15
7.21645e-15
9.10383e-15
8.43769e-15
9.4369e-15
5.66214e-15
1.08802e-14
8.21565e-15
1.07692e-14
8.43769e-15
7.88258e-15
9.99201e-15
9.21485e-15
6.77236e-15
9.32587e-15
7.54952e-15
7.66054e-15
8.32667e-15
8.65974e-15
2.29816e-14
9.65894e-15
2.32037e-14
9.76996e-15
2.28706e-14
2.28706e-14
2.23155e-14
2.23155e-14
2.06501e-14
2.25375e-14
2.26485e-14
1.82077e-14
2.25375e-14
1.86517e-14
1.73195e-14
1.70974e-14
1.65423e-14
3.83027e-14
1.57652e-14
3.61933e-14
1.54321e-14
3.56382e-14
3.33067e-14
3.20854e-14
3.15303e-14
1.17684e-14
2.94209e-14
1.25455e-14
1.16573e-14
1.19904e-14
1.15463e-14
6.66134e-16
9.32587e-15
-1.77636e-15
9.32587e-15
-4.66294e-15
-5.55112e-15
-5.55112e-15
-5.32907e-15
-1.77636e-15
-7.32747e-15
-2.88658e-15
-3.77476e-15
-5.77316e-15
-5.10703e-15
1.13243e-14
-9.32587e-15
1.22125e-14
1.12133e-14
1.11022e-14
1.09912e-14
7.88258e-15
1.24345e-14
6.10623e-15
1.07692e-14
5.55112e-15
4.10783e-15
3.55271e-15
4.44089e-15
2.66454e-15
1.22125e-15
-2.22045e-16
3.33067e-16
-1.9984e-15
-1.33227e-15
8.88178e-16
-1.55431e-15
-2.88658e-15
-3.9968e-15
-5.55112e-15
-1.33227e-14
-4.66294e-15
-1.26565e-14
-1.42109e-14
-1.33227e-14
-1.35447e-14
3.44169e-15
-1.31006e-14
4.55191e-15
-1.31006e-14
3.66374e-15
3.55271e-15
4.996e-15
3.33067e-15
4.77396e-15
1.33227e-15
3.77476e-15
2.66454e-15
2.22045e-15
1.11022e-15
-1.9762e-14
2.33147e-15
-1.70974e-14
-1.73195e-14
-1.46549e-14
-1.39888e-14
-1.33227e-14
-1.15463e-14
-1.19904e-14
-9.99201e-15
-1.11022e-14
-1.04361e-14
-1.02141e-14
-8.65974e-15
-7.54952e-15
-7.77156e-15
-6.88338e-15
-5.9952e-15
-5.10703e-15
-4.66294e-15
-3.77476e-15
-3.77476e-15
-2.22045e-15
-1.55431e-15
-1.77636e-15
-1.33227e-15
-1.11022e-14
-1.11022e-15
-1.06581e-14
0
-9.99201e-15
-9.99201e-15
6.66134e-16
-8.88178e-15
-8.88178e-15
-9.32587e-15
-8.21565e-15
1.75415e-14
-7.54952e-15
1.73195e-14
-6.88338e-15
1.92069e-14
1.92069e-14
1.84297e-14
1.9984e-14
3.77476e-15
2.13163e-14
4.44089e-15
4.66294e-15
3.9968e-15
4.88498e-15
8.88178e-15
3.33067e-15
7.99361e-15
3.88578e-15
8.10463e-15
9.76996e-15
8.32667e-15
8.32667e-15
2.37588e-14
8.32667e-15
2.40918e-14
2.19824e-14
2.23155e-14
2.14273e-14
2.55351e-14
2.09832e-14
2.45359e-14
2.35367e-14
2.33147e-14
2.23155e-14
1.31006e-14
2.30926e-14
1.38778e-14
2.04281e-14
1.06581e-14
1.23235e-14
1.16573e-14
1.21014e-14
8.88178e-16
1.25455e-14
1.77636e-15
3.77476e-15
3.66374e-15
3.21965e-15
5.55112e-16
3.33067e-15
1.66533e-15
4.32987e-15
4.10783e-15
2.88658e-15
6.66134e-15
3.66374e-15
4.77396e-15
4.10783e-15
4.32987e-15
-6.66134e-16
3.88578e-15
0
-1.33227e-15
-6.66134e-16
-1.11022e-15
1.06581e-14
-1.11022e-15
9.21485e-15
-2.66454e-15
1.12133e-14
1.12133e-14
9.99201e-15
1.07692e-14
1.68754e-14
1.03251e-14
1.4988e-14
1.4877e-14
1.36557e-14
1.33227e-14
1.11022e-14
1.31006e-14
1.08802e-14
1.33227e-14
-3.10862e-15
-5.55112e-15
-4.44089e-15
-5.10703e-15
-4.88498e-15
-5.9952e-15
-5.10703e-15
-6.88338e-15
-5.55112e-15
-7.32747e-15
-2.22045e-15
-6.88338e-15
-6.66134e-16
-1.9984e-15
-1.9984e-15
-2.22045e-16
5.44009e-15
-1.55431e-15
5.55112e-15
-1.55431e-15
6.43929e-15
6.88338e-15
7.66054e-15
7.32747e-15
1.25455e-14
7.77156e-15
9.10383e-15
1.58762e-14
8.77076e-15
1.78746e-14
8.65974e-15
1.87628e-14
1.87628e-14
2.07612e-14
2.05391e-14
8.65974e-15
2.17604e-14
8.10463e-15
9.54792e-15
9.65894e-15
1.02141e-14
1.77636e-14
1.05471e-14
1.82077e-14
1.11022e-14
1.80966e-14
1.94289e-14
-4.44089e-16
2.03171e-14
-4.44089e-16
1.94289e-14
-3.9968e-15
-1.33227e-15
-1.55431e-15
-2.88658e-15
-4.44089e-15
-2.88658e-15
-3.9968e-15
-4.66294e-15
-5.10703e-15
-6.66134e-15
3.55271e-15
-5.9952e-15
2.88658e-15
-7.99361e-15
1.33227e-15
1.55431e-15
1.66533e-15
1.88738e-15
-1.77636e-15
2.9976e-15
2.55351e-15
6.21725e-15
8.88178e-15
1.43219e-14
2.95319e-14
3.07532e-14
5.11813e-14
6.09512e-14
9.25926e-14
1.2268e-13
1.59428e-13
2.17715e-13
2.88436e-13
3.83804e-13
5.07816e-13
6.66023e-13
8.93174e-13
1.17006e-12
1.54754e-12
2.04203e-12
2.69174e-12
3.55505e-12
4.65594e-12
6.12665e-12
8.01026e-12
1.05015e-11
1.37248e-11
1.79136e-11
2.33517e-11
3.04033e-11
3.95384e-11
5.13474e-11
6.66068e-11
8.62892e-11
1.11647e-10
1.44261e-10
1.86214e-10
2.40013e-10
3.09022e-10
3.97315e-10
5.10229e-10
6.54406e-10
8.38267e-10
1.07248e-09
1.3703e-09
1.74873e-09
2.22881e-09
2.83711e-09
3.6069e-09
4.57978e-09
5.80781e-09
7.35584e-09
9.30481e-09
1.17554e-08
1.48327e-08
1.86921e-08
2.35261e-08
2.9573e-08
3.71275e-08
4.65532e-08
5.82986e-08
7.29157e-08
9.10831e-08
1.13634e-07
1.4159e-07
1.76203e-07
2.19001e-07
2.71853e-07
3.37035e-07
4.17322e-07
5.16085e-07
6.37419e-07
7.86291e-07
9.68714e-07
1.19196e-06
1.46481e-06
1.79787e-06
2.20387e-06
2.69817e-06
3.29918e-06
4.02901e-06
4.91409e-06
5.98609e-06
7.28277e-06
8.84921e-06
1.07391e-05
1.30162e-05
1.57563e-05
1.90492e-05
2.30015e-05
2.77389e-05
3.341e-05
4.01899e-05
4.8285e-05
5.79377e-05
6.94328e-05
8.31041e-05
9.93423e-05
0.000118604
0.000141423
0.00016842
0.000200319
0.000237961
0.00028232
0.000334528
0.000395893
0.000467925
0.00055237
0.000651234
0.000766829
0.000901808
0.00105921
0.00124253
0.00145575
0.00170341
0.00199069
0.00232351
0.00270857
0.00315347
0.00366683
0.00425842
0.00493923
0.00572169
0.00661979
0.00764923
0.00882766
0.0101748
0.0117129
0.0134665
0.0154631
0.0177336
0.0203118
0.0232357
0.0265471
0.0302923
0.0345224
0.0392938
0.0446685
0.0507146
0.0575068
0.0651267
0.0736636
0.0832149
0.0938865
0.105794
0.119061
0.133824
0.150229
0.168433
0.188605
0.210929
0.235598
0.262821
0.292822
0.325838
0.362121
0.401939
0.445575
0.493327
0.545511
0.602458
0.664513
0.732039
0.805415
0.885032
0.971297
1.06463
1.16547
1.27426
1.39145
1.51751
1.65291
1.79814
1.95366
2.11997
2.29755
2.48687
2.68842
2.90265
3.13001
3.37094
3.62586
3.89515
4.1792
4.47832
4.79282
5.12297
5.46898
5.83103
6.20923
6.60366
7.01433
7.44117
7.88408
8.34285
8.81723
9.30688
9.81138
10.3302
10.8629
11.4086
11.9667
12.5364
13.1167
13.7065
14.305
14.9108
15.5227
16.1395
16.7597
17.3818
18.0044
18.6259
19.2446
19.8589
20.4671
21.0674
21.6581
22.2374
22.8034
23.3546
23.8889
24.4049
24.9006
25.3745
25.825
26.2504
26.6493
27.0204
27.3621
27.6734
27.953
28.2001
28.4135
28.5927
28.7368
28.8453
28.9179
28.9543
28.9543
28.9179
28.8453
28.7368
28.5927
28.4135
28.2001
27.953
27.6734
27.3621
27.0204
26.6493
26.2504
25.825
25.3745
24.9006
24.4049
23.8889
23.3546
22.8034
22.2374
21.6581
21.0674
20.4671
19.8589
19.2446
18.6259
18.0044
17.3818
16.7597
16.1395
15.5227
14.9108
14.305
13.7065
13.1167
12.5364
11.9667
11.4086
10.8629
10.3302
9.81138
9.30688
8.81723
8.34285
7.88408
7.44117
7.01433
6.60366
6.20923
5.83103
5.46898
5.12297
4.79282
4.47832
4.1792
3.89515
3.62586
3.37094
3.13001
2.90265
2.68842
2.48687
2.29755
2.11997
1.95366
1.79814
1.65291
1.51751
1.39145
1.27426
1.16547
1.06463
0.971297
0.885032
0.805415
0.732039
0.664513
0.602458
0.545511
0.493327
0.445575
0.401939
0.362121
0.325838
0.292822
0.262821
0.235598
0.210929
0.188605
0.168433
0.150229
0.133824
0.119061
0.105794
0.0938865
0.0832149
0.0736636
0.0651267
0.0575068
0.0507146
0.0446685
0.0392938
0.0345224
0.0302923
0.0265471
0.0232357
0.0203118
0.0177336
0.0154631
0.0134665
0.0117129
0.0101748
0.00882766
0.00764923
0.00661979
0.00572169
0.00493923
0.00425842
0.00366683
0.00315347
0.00270857
0.00232351
0.00199069
0.00170341
0.00145575
0.00124253
0.00105921
0.000901808
0.000766829
0.000651234
0.00055237
0.000467925
0.000395893
0.000334528
0.00028232
0.000237961
0.000200319
0.00016842
0.000141423
0.000118604
9.93423e-05
8.31041e-05
6.94328e-05
5.79377e-05
4.8285e-05
4.01899e-05
3.341e-05
2.77389e-05
2.30015e-05
1.90492e-05
1.57563e-05
1.30162e-05
1.07391e-05
8.84921e-06
7.28277e-06
5.98609e-06
4.91409e-06
4.02901e-06
3.29918e-06
2.69817e-06
2.20387e-06
1.79787e-06
1.46481e-06
1.19196e-06
9.68714e-07
7.86291e-07
6.37419e-07
5.16085e-07
4.17322e-07
3.37035e-07
2.71853e-07
2.19001e-07
1.76203e-07
1.4159e-07
1.13634e-07
9.10831e-08
7.29157e-08
5.82986e-08
4.65532e-08
3.71275e-08
2.9573e-08
2.35261e-08
1.86921e-08
1.48327e-08
1.17554e-08
9.30479e-09
7.35584e-09
5.80779e-09
4.57978e-09
3.60688e-09
2.83708e-09
2.22879e-09
1.7487e-09
1.37033e-09
1.07245e-09
8.3828e-10
6.54428e-10
5.10242e-10
3.97337e-10
3.09015e-10
2.40036e-10
1.86215e-10
1.44281e-10
1.1165e-10
8.62872e-11
6.66077e-11
5.13471e-11
3.95346e-11
3.04029e-11
2.3349e-11
1.79047e-11
1.37221e-11
1.04948e-11
8.02269e-12
6.12133e-12
4.6666e-12
3.55371e-12
2.70128e-12
2.05957e-12
1.55798e-12
1.18561e-12
8.98059e-13
6.80234e-13
5.15588e-13
3.8225e-13
2.93765e-13
2.14828e-13
1.67644e-13
1.26232e-13
8.92619e-14
7.11653e-14
5.07372e-14
3.74145e-14
2.68674e-14
2.16493e-14
2.53131e-14
1.12133e-14
1.93179e-14
1.64313e-14
1.38778e-14
1.36557e-14
-1.11022e-14
1.22125e-14
-1.17684e-14
1.18794e-14
-1.35447e-14
-1.59872e-14
-1.64313e-14
-1.70974e-14
8.88178e-16
-1.53211e-14
-8.88178e-16
-2.22045e-15
-3.10862e-15
-3.9968e-15
3.29736e-14
-5.55112e-15
3.24185e-14
-7.54952e-15
3.05311e-14
3.0087e-14
2.83107e-14
2.74225e-14
8.99281e-15
2.35367e-14
1.08802e-14
9.65894e-15
8.54872e-15
7.99361e-15
1.25455e-14
-5.55112e-15
1.34337e-14
1.35447e-14
1.42109e-14
1.52101e-14
8.88178e-16
1.52101e-14
3.66374e-15
1.33227e-14
4.996e-15
4.77396e-15
5.44009e-15
6.43929e-15
4.44089e-16
9.65894e-15
9.21485e-15
-2.22045e-16
9.54792e-15
2.22045e-16
1.05471e-14
3.33067e-16
-2.22045e-16
-2.22045e-16
-2.22045e-16
-1.24345e-14
9.99201e-16
-1.06581e-14
-1.33227e-14
-1.24345e-14
-1.19904e-14
-1.08802e-14
-1.37668e-14
-1.04361e-14
-1.02141e-14
-9.10383e-15
-8.43769e-15
1.68754e-14
-7.99361e-15
1.74305e-14
-4.88498e-15
1.73195e-14
1.64313e-14
1.64313e-14
1.59872e-14
2.14273e-14
1.59872e-14
2.05391e-14
2.07612e-14
1.86517e-14
1.74305e-14
-1.04361e-14
1.45439e-14
-9.32587e-15
1.37668e-14
-8.88178e-15
-9.99201e-15
-8.88178e-15
-7.77156e-15
1.17684e-14
-7.77156e-15
1.11022e-14
1.05471e-14
1.02141e-14
8.77076e-15
4.55191e-15
8.77076e-15
4.10783e-15
2.88658e-15
2.88658e-15
0
-2.10942e-14
-1.55431e-15
-8.88178e-16
-1.9984e-15
-2.88658e-15
-2.30926e-14
-5.55112e-15
-2.30926e-14
-2.35367e-14
-2.28706e-14
-2.37588e-14
-1.77636e-14
-2.33147e-14
-1.75415e-14
-2.37588e-14
-1.84297e-14
-1.95399e-14
-1.79856e-14
-1.82077e-14
1.33227e-14
-1.86517e-14
1.24345e-14
1.45439e-14
1.37668e-14
1.52101e-14
-4.44089e-15
1.4877e-14
-5.77316e-15
1.56541e-14
-6.21725e-15
-3.77476e-15
-1.9984e-14
-4.66294e-15
-2.15383e-14
-3.77476e-15
-2.06501e-14
-1.95399e-14
-2.08722e-14
-2.02061e-14
1.55431e-15
-2.06501e-14
2.88658e-15
3.33067e-15
4.66294e-15
3.9968e-15
-1.62093e-14
6.55032e-15
-1.4877e-14
7.88258e-15
-1.19904e-14
-9.99201e-15
-9.54792e-15
-7.10543e-15
1.9984e-15
-5.55112e-15
3.44169e-15
3.10862e-15
3.44169e-15
4.77396e-15
0
4.996e-15
4.996e-15
6.66134e-15
7.88258e-15
1.12133e-14
9.10383e-15
1.88738e-14
-1.26565e-14
1.9984e-14
-1.22125e-14
8.88178e-16
-1.22125e-14
1.77636e-15
1.55431e-15
3.77476e-15
2.88658e-15
0
4.44089e-15
0
4.88498e-15
6.66134e-16
1.44329e-15
-2.22045e-16
9.99201e-16
2.44249e-15
2.55351e-15
4.21885e-15
6.77236e-15
7.43849e-15
7.54952e-15
1.29896e-14
9.54792e-15
1.23235e-14
1.42109e-14
1.17684e-14
1.17684e-14
1.21014e-14
1.04361e-14
6.99441e-15
9.99201e-15
5.44009e-15
7.10543e-15
5.66214e-15
5.55112e-15
2.30926e-14
6.10623e-15
2.27596e-14
2.26485e-14
2.26485e-14
2.27596e-14
1.22125e-14
2.25375e-14
1.34337e-14
2.12053e-14
1.23235e-14
1.16573e-14
1.78746e-14
1.16573e-14
1.19904e-14
1.16573e-14
1.21014e-14
-7.99361e-15
1.13243e-14
-6.21725e-15
1.05471e-14
-5.77316e-15
-3.77476e-15
-3.77476e-15
-1.55431e-15
1.15463e-14
4.44089e-16
8.88178e-15
5.88418e-15
5.32907e-15
2.33147e-15
-4.44089e-15
-1.33227e-15
-4.66294e-15
-3.77476e-15
-4.88498e-15
-4.66294e-15
-2.88658e-15
-5.55112e-15
-4.44089e-15
-6.66134e-15
-6.21725e-15
-6.88338e-15
-8.65974e-15
-8.88178e-15
1.37668e-14
-1.06581e-14
1.16573e-14
1.23235e-14
1.11022e-14
1.09912e-14
-1.86517e-14
1.17684e-14
-1.77636e-14
1.03251e-14
-1.57652e-14
-1.64313e-14
-1.59872e-14
-1.59872e-14
-7.99361e-15
-1.53211e-14
-1.06581e-14
-9.54792e-15
-1.11022e-14
-1.15463e-14
-2.35367e-14
-1.33227e-14
-2.28706e-14
-2.42029e-14
-1.4877e-14
-2.22045e-14
-1.4877e-14
-1.9762e-14
-2.02061e-14
-1.93179e-14
-1.82077e-14
-9.32587e-15
-1.70974e-14
-9.54792e-15
-8.21565e-15
-9.32587e-15
-7.77156e-15
-4.66294e-15
-9.76996e-15
-5.32907e-15
-6.21725e-15
-5.55112e-15
-5.9952e-15
-5.9952e-15
-4.88498e-15
-8.88178e-16
-5.55112e-15
0
-8.88178e-16
-6.66134e-16
-6.66134e-16
-1.02141e-14
-1.55431e-15
-9.99201e-15
-1.9984e-15
-9.99201e-15
-7.10543e-15
-2.06501e-14
-7.54952e-15
-1.73195e-14
-6.43929e-15
-1.39888e-14
-1.28786e-14
-1.26565e-14
-9.99201e-15
1.77636e-14
-7.99361e-15
1.75415e-14
1.66533e-14
2.19824e-14
-4.44089e-16
2.09832e-14
2.29816e-14
2.44249e-14
2.36478e-14
2.44249e-14
2.4647e-14
2.37588e-14
2.54241e-14
2.43139e-14
2.4758e-14
2.4647e-14
2.64233e-14
2.498e-14
2.45359e-14
2.4647e-14
4.15223e-14
2.34257e-14
3.9968e-14
3.89688e-14
3.90799e-14
3.80806e-14
3.88578e-14
3.75255e-14
3.71925e-14
3.64153e-14
3.57492e-14
3.4861e-14
3.45279e-14
3.4861e-14
2.4869e-14
3.18634e-14
2.39808e-14
2.45359e-14
2.14273e-14
2.24265e-14
2.20934e-14
2.03171e-14
2.12053e-14
2.07612e-14
1.89848e-14
1.78746e-14
-1.90958e-14
1.60982e-14
-1.93179e-14
1.33227e-14
-2.10942e-14
-1.9984e-14
-2.15383e-14
-2.02061e-14
-2.28706e-14
-2.06501e-14
-2.22045e-14
-2.02061e-14
-2.04281e-14
-1.9762e-14
1.03251e-14
-1.93179e-14
8.21565e-15
-1.95399e-14
6.66134e-15
4.21885e-15
5.21805e-15
3.10862e-15
3.88578e-15
1.88738e-15
2.77556e-15
6.66134e-16
1.77636e-15
-8.88178e-16
1.44329e-15
-1.55431e-15
-1.77636e-15
-1.77636e-15
-2.22045e-15
-1.44329e-14
-4.21885e-15
-1.24345e-14
-3.55271e-15
-1.24345e-14
-4.66294e-15
-1.04361e-14
-6.21725e-15
-1.02141e-14
-8.21565e-15
-8.65974e-15
-9.32587e-15
-1.26565e-14
-1.04361e-14
-1.26565e-14
-1.31006e-14
-1.11022e-14
-1.13243e-14
-1.17684e-14
-1.19904e-14
-1.15463e-14
-1.26565e-14
-1.11022e-14
-1.26565e-14
-9.32587e-15
-1.08802e-14
-6.43929e-15
-1.15463e-14
-7.77156e-15
-8.88178e-15
-4.21885e-15
-6.43929e-15
-2.44249e-15
-6.66134e-15
-2.88658e-15
-6.43929e-15
-2.88658e-15
-4.66294e-15
-3.10862e-15
-4.88498e-15
0
-3.77476e-15
-3.10862e-15
-7.77156e-15
-6.21725e-15
-1.06581e-14
-8.43769e-15
-1.22125e-14
-1.13243e-14
-1.46549e-14
-1.44329e-14
-1.68754e-14
-1.77636e-14
-1.84297e-14
-1.93179e-14
-2.10942e-14
-2.26485e-14
5.88418e-15
-2.39808e-14
7.54952e-15
-2.68674e-14
9.32587e-15
9.76996e-15
9.21485e-15
8.99281e-15
1.09912e-14
1.11022e-14
1.27676e-14
1.04361e-14
1.35447e-14
1.32117e-14
1.25455e-14
1.16573e-14
1.37668e-14
1.39888e-14
1.76525e-14
1.65423e-14
1.82077e-14
1.75415e-14
2.05391e-14
1.9984e-14
2.24265e-14
2.10942e-14
2.27596e-14
2.43139e-14
-8.88178e-15
2.38698e-14
-1.04361e-14
-8.43769e-15
-9.99201e-15
-9.76996e-15
-9.76996e-15
-9.10383e-15
-1.04361e-14
-9.54792e-15
-1.08802e-14
-9.10383e-15
-1.04361e-14
-8.21565e-15
-1.59872e-14
-8.43769e-15
-1.55431e-14
-1.19904e-14
-1.44329e-14
-1.26565e-14
-1.04361e-14
-1.06581e-14
-1.26565e-14
-8.88178e-15
-1.08802e-14
-7.77156e-15
-7.54952e-15
-5.9952e-15
-7.77156e-15
-5.32907e-15
-5.55112e-15
2.88658e-15
-6.66134e-15
1.55431e-15
2.55351e-15
1.88738e-15
2.33147e-15
3.21965e-15
2.55351e-15
1.66533e-15
3.9968e-15
4.88498e-15
4.55191e-15
2.88658e-15
4.10783e-15
1.28786e-14
4.32987e-15
1.27676e-14
1.04361e-14
1.33227e-14
1.12133e-14
1.21014e-14
1.09912e-14
1.09912e-14
9.32587e-15
1.13243e-14
8.32667e-15
1.93179e-14
6.88338e-15
1.84297e-14
6.77236e-15
1.76525e-14
1.67644e-14
1.68754e-14
1.70974e-14
1.58762e-14
1.38778e-14
1.37668e-14
1.27676e-14
1.25455e-14
1.26565e-14
-1.39888e-14
1.07692e-14
-1.37668e-14
1.0103e-14
-1.39888e-14
-1.35447e-14
6.43929e-15
-1.04361e-14
-1.39888e-14
-1.13243e-14
-1.35447e-14
-9.54792e-15
-1.22125e-14
-9.32587e-15
-9.54792e-15
-7.54952e-15
-9.10383e-15
-5.77316e-15
-7.77156e-15
-9.76996e-15
-3.9968e-15
-9.99201e-15
-1.17684e-14
-1.11022e-14
-1.06581e-14
-1.08802e-14
-8.88178e-15
-8.43769e-15
-7.32747e-15
-6.66134e-15
-6.21725e-15
-2.66454e-15
-5.55112e-15
-4.21885e-15
-3.33067e-15
-4.21885e-15
-1.77636e-15
-3.77476e-15
-3.77476e-15
-9.32587e-15
-4.88498e-15
-9.32587e-15
-5.55112e-15
-1.04361e-14
-7.32747e-15
4.14113e-14
-7.99361e-15
3.9746e-14
-9.54792e-15
3.9968e-14
3.93019e-14
3.90799e-14
3.74145e-14
3.74145e-14
3.69704e-14
3.57492e-14
3.55271e-14
3.35287e-14
3.35287e-14
2.54241e-14
3.15303e-14
2.32037e-14
2.35367e-14
2.77556e-14
1.9762e-14
2.54241e-14
1.45439e-14
1.15463e-14
1.13243e-14
9.10383e-15
8.77076e-15
5.32907e-15
3.77476e-15
3.33067e-16
7.77156e-16
-3.55271e-15
1.66533e-15
-7.10543e-15
1.88738e-15
-9.54792e-15
2.33147e-15
2.66454e-15
7.77156e-16
2.10942e-15
3.33067e-15
1.22125e-15
2.77556e-15
-1.11022e-15
1.11022e-15
-4.44089e-16
2.59792e-14
0
2.54241e-14
2.69784e-14
2.72005e-14
2.75335e-14
2.65343e-14
2.89768e-14
2.88658e-14
2.90878e-14
2.86438e-14
2.9643e-14
2.81997e-14
2.87548e-14
5.9952e-15
2.94209e-14
6.88338e-15
9.32587e-15
8.10463e-15
1.06581e-14
8.43769e-15
1.05471e-14
9.10383e-15
1.05471e-14
1.17684e-14
1.25455e-14
1.18794e-14
1.26565e-14
4.88498e-15
1.39888e-14
1.23235e-14
3.55271e-15
1.44329e-14
4.21885e-15
1.52101e-14
5.55112e-15
4.996e-15
7.54952e-15
6.66134e-15
8.10463e-15
7.77156e-15
8.77076e-15
7.43849e-15
1.13243e-14
8.88178e-15
2.63123e-14
9.54792e-15
2.84217e-14
2.55351e-14
2.9643e-14
2.67564e-14
1.35447e-14
9.4369e-15
1.34337e-14
1.08802e-14
1.58762e-14
1.29896e-14
1.4877e-14
1.33227e-14
2.35367e-14
1.42109e-14
2.35367e-14
2.13163e-14
2.27596e-14
2.06501e-14
2.37588e-14
2.05391e-14
2.12053e-14
2.19824e-14
2.17604e-14
2.13163e-14
1.94289e-14
2.0095e-14
1.55431e-14
1.88738e-14
1.44329e-14
1.64313e-14
1.24345e-14
1.35447e-14
9.99201e-15
1.08802e-14
7.32747e-15
8.99281e-15
4.44089e-15
7.21645e-15
2.9976e-15
1.68754e-14
1.28786e-14
3.21965e-15
-1.77636e-15
0
1.11022e-14
1.28786e-14
9.32587e-15
-4.21885e-15
7.99361e-15
8.54872e-15
6.88338e-15
7.99361e-15
-4.66294e-15
6.55032e-15
5.32907e-15
3.9968e-15
-9.32587e-15
-9.99201e-15
1.88738e-15
2.22045e-16
-1.28786e-14
-1.33227e-14
-1.22125e-14
-2.66454e-15
-1.73195e-14
-1.64313e-14
-1.62093e-14
-1.82077e-14
-3.44169e-14
-3.24185e-14
-1.79856e-14
-2.06501e-14
-3.44169e-14
-3.37508e-14
-3.57492e-14
-2.30926e-14
-3.4861e-14
-3.15303e-14
-3.57492e-14
-3.33067e-14
-2.4647e-14
-3.35287e-14
-3.44169e-14
-3.28626e-14
-2.42029e-14
-2.28706e-14
-3.21965e-14
-3.08642e-14
-2.55351e-14
-2.39808e-14
-2.59792e-14
-2.44249e-14
-2.42029e-14
-2.4647e-14
-2.53131e-14
-2.57572e-14
-2.55351e-14
-2.4647e-14
-2.53131e-14
-2.59792e-14
-2.64233e-14
-2.77556e-14
-2.70894e-14
-2.70894e-14
-2.5091e-14
-2.9754e-14
-2.75335e-14
-2.88658e-14
-2.81997e-14
-3.10862e-14
-2.68674e-14
-3.04201e-14
-2.86438e-14
-1.95399e-14
-1.70974e-14
-3.44169e-14
-2.81997e-14
-1.24345e-14
-1.42109e-14
-1.26565e-14
-2.86438e-14
-1.19904e-14
-1.24345e-14
-1.15463e-14
-1.28786e-14
-2.33147e-14
-1.11022e-14
-9.99201e-15
-1.11022e-14
-1.95399e-14
-1.9762e-14
-9.10383e-15
-8.43769e-15
-1.44329e-14
-1.5099e-14
-1.44329e-14
-1.35447e-14
-9.10383e-15
-1.15463e-14
-9.32587e-15
-9.32587e-15
-8.21565e-15
-3.10862e-15
-7.99361e-15
-5.32907e-15
-6.66134e-15
-6.66134e-16
-4.88498e-15
6.66134e-16
-3.9968e-15
9.99201e-16
-4.66294e-15
1.33227e-15
-1.55431e-15
3.88578e-15
0
5.21805e-15
1.9984e-15
-1.62093e-14
-1.5099e-14
5.9952e-15
3.66374e-15
-1.59872e-14
-1.31006e-14
-1.4877e-14
6.32827e-15
-1.19904e-14
-9.76996e-15
-1.06581e-14
-1.11022e-14
1.14353e-14
-9.54792e-15
-9.54792e-15
-8.88178e-15
1.13243e-14
1.67644e-14
1.07692e-14
-4.66294e-15
9.54792e-15
1.96509e-14
9.54792e-15
1.9984e-14
3.20854e-14
2.14273e-14
9.21485e-15
2.14273e-14
2.81997e-14
2.44249e-14
9.32587e-15
2.18714e-14
2.34257e-14
2.0095e-14
2.04281e-14
2.25375e-14
1.96509e-14
1.45439e-14
1.52101e-14
1.19904e-14
8.21565e-15
1.0103e-14
9.10383e-15
5.55112e-15
6.88338e-15
9.54792e-15
6.88338e-15
2.44249e-15
5.9952e-15
6.43929e-15
6.32827e-15
4.88498e-15
-4.66294e-15
3.66374e-15
6.10623e-15
2.55351e-15
4.55191e-15
-8.88178e-15
5.21805e-15
7.77156e-16
5.77316e-15
-9.54792e-15
-1.06581e-14
-8.88178e-15
3.55271e-15
-9.99201e-15
-1.17684e-14
-1.08802e-14
-9.76996e-15
2.74225e-14
-9.54792e-15
-1.06581e-14
-8.65974e-15
2.4647e-14
2.4647e-14
-9.32587e-15
-7.54952e-15
2.36478e-14
2.44249e-14
1.9762e-14
-4.66294e-15
1.88738e-14
2.15383e-14
1.72085e-14
2.02061e-14
1.93179e-14
1.9873e-14
1.29896e-14
1.53211e-14
1.44329e-14
1.89848e-14
1.12133e-14
9.76996e-15
9.4369e-15
1.52101e-14
6.99441e-15
1.46549e-14
-1.95399e-14
1.23235e-14
4.32987e-15
1.04361e-14
-2.06501e-14
-1.37668e-14
4.44089e-16
7.99361e-15
-1.93179e-14
-1.33227e-14
-1.73195e-14
-1.11022e-14
2.22045e-16
-1.17684e-14
-1.55431e-14
-1.24345e-14
-1.35447e-14
4.77396e-15
-1.13243e-14
-8.21565e-15
-8.21565e-15
3.33067e-15
3.66374e-15
-7.10543e-15
-3.10862e-15
1.66533e-15
3.9968e-15
2.44249e-15
4.10783e-15
8.88178e-16
4.44089e-15
-4.44089e-16
3.77476e-15
4.44089e-15
3.55271e-15
-1.55431e-15
3.66374e-15
4.32987e-15
4.10783e-15
4.21885e-15
3.44169e-15
3.21965e-15
4.88498e-15
1.9984e-15
2.22045e-15
8.21565e-15
5.77316e-15
3.55271e-15
1.44329e-15
8.10463e-15
4.10783e-15
1.33227e-15
-8.88178e-16
6.77236e-15
4.44089e-15
5.66214e-15
4.66294e-15
-1.73195e-14
4.32987e-15
2.44249e-15
4.32987e-15
-2.02061e-14
-1.79856e-14
4.44089e-16
2.10942e-15
-2.10942e-14
-1.9762e-14
-2.30926e-14
1.11022e-16
-4.88498e-15
-1.90958e-14
-2.33147e-14
-1.88738e-14
-2.33147e-14
-2.02061e-14
-2.26485e-14
-1.95399e-14
-2.30926e-14
8.43769e-15
3.77476e-15
-1.77636e-14
-2.22045e-14
2.44249e-15
-2.66454e-15
-2.66454e-15
-1.90958e-14
-4.66294e-15
-7.32747e-15
-7.54952e-15
-9.76996e-15
-2.93099e-14
-1.06581e-14
-1.22125e-14
-1.26565e-14
-3.37508e-14
-2.66454e-14
-3.55271e-14
-1.42109e-14
-3.37508e-14
-2.68674e-14
-3.39728e-14
-2.70894e-14
-1.70974e-14
-2.75335e-14
-3.17524e-14
-2.57572e-14
-7.10543e-15
-1.04361e-14
-3.26406e-14
-2.4869e-14
-6.43929e-15
-1.15463e-14
-5.9952e-15
-1.9984e-14
-5.55112e-15
-1.19904e-14
-5.32907e-15
-1.28786e-14
1.29896e-14
-1.42109e-14
-6.88338e-15
-1.53211e-14
8.88178e-15
-2.22045e-16
6.55032e-15
-2.06501e-14
-1.35447e-14
-4.21885e-15
-8.88178e-16
-4.44089e-15
-1.75415e-14
-7.10543e-15
-6.88338e-15
-9.32587e-15
-9.54792e-15
1.36557e-14
-1.37668e-14
-1.26565e-14
-1.64313e-14
1.06581e-14
1.17684e-14
8.54872e-15
-2.24265e-14
7.10543e-15
8.32667e-15
5.66214e-15
8.21565e-15
-9.54792e-15
8.10463e-15
3.10862e-15
5.88418e-15
-1.15463e-14
1.42109e-14
9.99201e-16
5.10703e-15
-1.46549e-14
1.37668e-14
-1.26565e-14
3.33067e-15
-1.37668e-14
1.31006e-14
-1.13243e-14
1.25455e-14
-2.66454e-15
3.33067e-15
-1.4877e-14
1.16573e-14
-2.66454e-15
2.10942e-15
-8.88178e-16
9.4369e-15
-2.22045e-16
2.55351e-15
0
2.44249e-15
9.65894e-15
2.44249e-15
2.22045e-15
3.33067e-16
2.44249e-15
8.32667e-15
2.88658e-15
1.66533e-15
3.66374e-15
4.88498e-15
-5.32907e-15
2.88658e-15
5.55112e-15
1.44329e-15
-9.99201e-15
0
-1.15463e-14
-2.10942e-14
-1.37668e-14
-1.9984e-15
-1.44329e-14
-2.9754e-14
-4.30767e-14
-4.44089e-15
-1.44329e-14
-3.66374e-14
-4.77396e-14
-4.08562e-14
-5.15143e-14
-4.52971e-14
-5.41789e-14
-4.79616e-14
-5.28466e-14
2.56462e-14
2.07612e-14
-5.30687e-14
-5.39568e-14
2.498e-14
2.02061e-14
2.62013e-14
-5.57332e-14
2.56462e-14
2.19824e-14
2.60902e-14
2.18714e-14
2.9865e-14
2.10942e-14
2.42029e-14
2.12053e-14
3.25295e-14
2.77556e-14
2.45359e-14
2.25375e-14
3.5083e-14
2.94209e-14
3.70814e-14
2.86438e-14
1.07692e-14
2.94209e-14
3.71925e-14
3.18634e-14
1.07692e-14
1.44329e-14
3.61933e-14
3.21965e-14
3.75255e-14
1.38778e-14
1.22125e-14
3.13083e-14
3.68594e-14
-7.77156e-15
-7.10543e-15
-9.32587e-15
-6.43929e-15
-7.32747e-15
-6.21725e-15
-8.21565e-15
-5.10703e-15
-1.59872e-14
-1.31006e-14
-7.77156e-15
-5.10703e-15
-1.86517e-14
-1.4877e-14
-1.9762e-14
-5.77316e-15
-2.02061e-14
-1.4877e-14
-2.04281e-14
-1.53211e-14
-1.13243e-14
-1.75415e-14
-2.26485e-14
-1.90958e-14
-1.39888e-14
-7.10543e-15
2.22045e-16
-1.9984e-14
-1.84297e-14
-9.32587e-15
5.55112e-16
-1.13243e-14
2.88658e-15
-1.13243e-14
-4.44089e-16
-1.19904e-14
1.9984e-15
2.22045e-16
-3.33067e-15
-1.22125e-14
-8.88178e-16
-1.11022e-15
-1.11022e-15
-1.42109e-14
-3.55271e-15
-1.11022e-15
-6.43929e-15
-3.10862e-15
-5.55112e-15
-3.10862e-15
-5.55112e-15
-4.44089e-15
-7.99361e-15
5.55112e-16
-2.88658e-15
-4.44089e-15
-9.54792e-15
1.22125e-15
2.22045e-16
2.9976e-15
-7.99361e-15
3.44169e-15
1.77636e-15
4.55191e-15
3.10862e-15
-6.21725e-15
4.88498e-15
9.54792e-15
7.43849e-15
0
1.03251e-14
3.66374e-15
1.04361e-14
7.43849e-15
1.79856e-14
1.24345e-14
2.18714e-14
3.64153e-14
2.64233e-14
2.12053e-14
2.83107e-14
4.71845e-14
4.92939e-14
3.10862e-14
3.68594e-14
5.63993e-14
5.82867e-14
6.09512e-14
4.16334e-14
6.4726e-14
6.58362e-14
6.85008e-14
7.00551e-14
2.0095e-14
2.63123e-14
7.73825e-14
7.67164e-14
2.36478e-14
3.08642e-14
2.4647e-14
7.99361e-14
2.59792e-14
3.475e-14
2.66454e-14
3.54161e-14
1.27676e-14
3.71925e-14
2.68674e-14
3.75255e-14
2.70894e-14
1.28786e-14
2.58682e-14
3.39728e-14
2.4869e-14
4.996e-15
1.11022e-15
3.33067e-15
2.38698e-14
-1.11022e-15
-6.88338e-15
-6.43929e-15
-1.28786e-14
1.9984e-15
-1.62093e-14
-1.70974e-14
-2.04281e-14
-4.21885e-15
-7.10543e-15
-2.35367e-14
-2.77556e-14
-9.76996e-15
-1.84297e-14
-1.33227e-14
-2.30926e-14
-1.4877e-14
-2.66454e-14
-1.73195e-14
-3.06422e-14
2.22045e-16
-1.31006e-14
-2.15383e-14
-3.70814e-14
7.66054e-15
-2.73115e-14
1.0103e-14
-3.81917e-14
1.45439e-14
-3.86358e-14
1.79856e-14
-4.50751e-14
1.19904e-14
-4.996e-14
2.40918e-14
-5.19584e-14
8.88178e-15
6.99441e-15
2.79776e-14
-5.68434e-14
3.88578e-15
6.99441e-15
2.44249e-15
6.88338e-15
5.9952e-15
6.10623e-15
-2.22045e-16
7.43849e-15
-8.88178e-16
1.43219e-14
-1.33227e-15
7.54952e-15
-2.22045e-15
1.08802e-14
8.99281e-15
7.99361e-15
-2.88658e-15
9.4369e-15
9.88098e-15
7.54952e-15
1.13243e-14
6.21725e-15
1.14353e-14
4.88498e-15
1.28786e-14
-5.10703e-15
-1.11022e-15
2.66454e-15
1.26565e-14
-4.88498e-15
-2.22045e-15
-2.88658e-15
1.29896e-14
-1.9984e-15
1.11022e-15
-6.66134e-16
3.33067e-16
3.10862e-14
-2.22045e-16
1.66533e-15
-1.11022e-15
2.64233e-14
1.60982e-14
2.55351e-14
3.33067e-16
2.16493e-14
1.13243e-14
1.94289e-14
7.88258e-15
-9.76996e-15
7.21645e-15
1.42109e-14
6.21725e-15
-1.31006e-14
-8.65974e-15
9.76996e-15
2.88658e-15
-1.75415e-14
-1.28786e-14
-1.95399e-14
1.44329e-15
-2.15383e-14
-1.75415e-14
-2.33147e-14
-1.82077e-14
-2.4647e-14
-2.06501e-14
-2.57572e-14
-2.4647e-14
-2.4869e-14
2.91989e-14
3.9746e-14
-2.55351e-14
-2.68674e-14
2.93099e-14
4.11893e-14
3.01981e-14
-2.64233e-14
2.9754e-14
4.29656e-14
2.95319e-14
4.25215e-14
2.13163e-14
4.26326e-14
3.24185e-14
4.38538e-14
2.58682e-14
2.23155e-14
2.85327e-14
4.16334e-14
2.9865e-14
2.53131e-14
3.19744e-14
2.63123e-14
5.55112e-16
2.80886e-14
3.38618e-14
3.04201e-14
3.33067e-15
1.11022e-16
3.59712e-14
3.17524e-14
4.996e-15
-1.55431e-15
5.66214e-15
3.41949e-14
7.99361e-15
-2.22045e-16
6.55032e-15
1.65423e-14
-2.15383e-14
-1.95399e-14
8.77076e-15
1.66533e-14
-1.88738e-14
-1.73195e-14
-1.64313e-14
1.67644e-14
-1.33227e-14
-1.66533e-14
-1.11022e-14
-1.46549e-14
9.32587e-15
-1.24345e-14
-6.88338e-15
-1.22125e-14
-5.55112e-15
-7.10543e-15
-4.21885e-15
-8.88178e-15
-1.55431e-15
-4.88498e-15
-1.24345e-14
-4.66294e-15
-4.44089e-16
-3.55271e-15
-9.54792e-15
-1.55431e-15
-7.10543e-15
-2.04281e-14
-5.9952e-15
-1.11022e-15
-3.55271e-15
-2.42029e-14
-3.57492e-14
-1.33227e-15
4.44089e-16
-2.86438e-14
-3.68594e-14
-2.93099e-14
-3.66374e-14
-3.08642e-14
-3.86358e-14
-3.19744e-14
-3.66374e-14
-1.59872e-14
-2.28706e-14
-3.10862e-14
-3.30846e-14
-1.22125e-14
-2.28706e-14
-1.11022e-14
-2.93099e-14
-8.21565e-15
-2.24265e-14
-4.66294e-15
-2.04281e-14
-1.15463e-14
-1.75415e-14
6.66134e-16
-1.55431e-14
-1.22125e-14
-2.62013e-14
4.55191e-15
-9.10383e-15
-1.31006e-14
-2.73115e-14
-1.26565e-14
-2.90878e-14
1.22125e-14
-2.66454e-14
-1.19904e-14
-2.68674e-14
-1.24345e-14
-2.06501e-14
-1.19904e-14
-2.33147e-14
-1.19904e-14
-2.33147e-14
-1.59872e-14
-1.84297e-14
-1.15463e-14
-2.08722e-14
-1.55431e-14
-2.15383e-14
-1.44329e-14
-2.17604e-14
-1.5099e-14
-2.08722e-14
-1.35447e-14
6.66134e-15
7.32747e-15
-2.22045e-14
-1.39888e-14
6.10623e-15
9.4369e-15
5.32907e-15
-1.31006e-14
5.9952e-15
1.13243e-14
4.10783e-15
1.27676e-14
2.55351e-15
1.17684e-14
2.55351e-15
1.24345e-14
-1.11022e-15
4.88498e-15
-6.66134e-16
1.11022e-14
-4.44089e-16
1.24345e-14
1.11022e-15
1.88738e-14
1.05471e-14
2.83107e-14
1.39888e-14
4.39648e-14
4.38538e-14
7.00551e-14
6.32827e-14
1.20792e-13
1.45217e-13
1.99285e-13
2.55129e-13
3.48277e-13
4.20664e-13
5.98521e-13
7.83706e-13
1.03884e-12
1.36569e-12
1.80023e-12
2.36733e-12
3.11084e-12
4.08695e-12
5.33384e-12
7.00096e-12
9.19065e-12
1.20193e-11
1.56614e-11
2.04381e-11
2.66279e-11
3.46909e-11
4.50414e-11
5.8471e-11
7.5798e-11
9.81454e-11
1.26931e-10
1.63911e-10
2.11422e-10
2.72366e-10
3.50454e-10
4.5032e-10
5.77939e-10
7.40759e-10
9.48311e-10
1.21245e-09
1.54823e-09
1.9745e-09
2.51501e-09
3.19939e-09
4.06495e-09
5.15815e-09
6.53717e-09
8.27443e-09
1.04602e-08
1.32067e-08
1.66536e-08
2.09735e-08
2.6381e-08
3.31409e-08
4.15806e-08
5.21042e-08
6.52091e-08
8.15075e-08
1.01752e-07
1.26864e-07
1.57976e-07
1.96471e-07
2.44038e-07
3.02742e-07
3.75095e-07
4.64156e-07
5.73642e-07
7.08064e-07
8.72886e-07
1.07472e-06
1.32157e-06
1.62307e-06
1.99086e-06
2.43891e-06
2.98405e-06
3.64645e-06
4.4503e-06
5.42452e-06
6.60371e-06
8.02914e-06
9.74998e-06
1.18248e-05
1.43231e-05
1.73274e-05
2.09356e-05
2.52633e-05
3.04474e-05
3.66492e-05
4.40588e-05
5.28999e-05
6.34354e-05
7.59735e-05
9.08755e-05
0.000108564
0.000129532
0.000154357
0.000183707
0.000218365
0.000259234
0.000307366
0.000363976
0.000430472
0.000508477
0.000599862
0.000706783
0.000831715
0.000977501
0.0011474
0.00134513
0.00157496
0.00184174
0.00215101
0.00250906
0.00292302
0.00340101
0.00395219
0.00458693
0.00531692
0.00615535
0.00711703
0.00821864
0.00947883
0.0109185
0.0125611
0.0144326
0.0165621
0.018982
0.021728
0.0248402
0.0283624
0.0323433
0.0368367
0.0419016
0.0476031
0.0540125
0.0612078
0.0692746
0.078306
0.0884037
0.0996781
0.112249
0.126247
0.141812
0.159096
0.178262
0.199486
0.222957
0.248877
0.27746
0.308938
0.343555
0.381571
0.423261
0.468917
0.518845
0.573368
0.632824
0.697569
0.767972
0.844418
0.927307
1.01705
1.11409
1.21884
1.33177
1.45334
1.58401
1.72427
1.87458
2.03544
2.20732
2.39071
2.58609
2.79392
3.01466
3.24875
3.49663
3.75869
4.03531
4.32685
4.63363
4.95592
5.29398
5.64799
6.0181
6.40442
6.80697
7.22573
7.66063
8.11149
8.57811
9.06017
9.5573
10.069
10.5949
11.1341
11.6862
12.2502
12.8252
13.4105
14.0048
14.607
15.2161
15.8306
16.4492
17.0706
17.6932
18.3154
18.9357
19.5524
20.1639
20.7684
21.3641
21.9493
22.5222
23.081
23.624
24.1493
24.6554
25.1404
25.6028
26.0409
26.4533
26.8384
27.195
27.5216
27.8172
28.0807
28.3111
28.5074
28.6691
28.7955
28.8862
28.9407
28.9589
