4096 1 1
3.1652e-10 3.1652e-10 3.1652e-10
0.000168779
1.49125e+11
2.98021e+11
4.46456e+11
5.94205e+11
7.41041e+11
8.86744e+11
1.0311e+12
1.17389e+12
1.31491e+12
1.45396e+12
1.59085e+12
1.72539e+12
1.85742e+12
1.98676e+12
2.11325e+12
2.23675e+12
2.35712e+12
2.47424e+12
2.58799e+12
2.69827e+12
2.80498e+12
2.90804e+12
3.00739e+12
3.10296e+12
3.19472e+12
3.28261e+12
3.36663e+12
3.44675e+12
3.52297e+12
3.59531e+12
3.66376e+12
3.72837e+12
3.78916e+12
3.84618e+12
3.89947e+12
3.9491e+12
3.99514e+12
4.03765e+12
4.07671e+12
4.1124e+12
4.14481e+12
4.17404e+12
4.20017e+12
4.2233e+12
4.24355e+12
4.261e+12
4.27577e+12
4.28795e+12
4.29766e+12
4.305e+12
4.31008e+12
4.313e+12
4.31387e+12
4.31279e+12
4.30987e+12
4.3052e+12
4.29888e+12
4.29101e+12
4.28168e+12
4.27098e+12
4.25901e+12
4.24584e+12
4.23156e+12
4.21624e+12
4.19997e+12
4.18282e+12
4.16485e+12
4.14613e+12
4.12672e+12
4.1067e+12
4.0861e+12
4.06499e+12
4.04341e+12
4.02142e+12
3.99906e+12
3.97638e+12
3.9534e+12
3.93017e+12
3.90673e+12
3.8831e+12
3.85932e+12
3.83541e+12
3.8114e+12
3.78731e+12
3.76317e+12
3.73899e+12
3.71479e+12
3.6906e+12
3.66642e+12
3.64228e+12
3.61817e+12
3.59412e+12
3.57014e+12
3.54623e+12
3.5224e+12
3.49867e+12
3.47503e+12
3.4515e+12
3.42807e+12
3.40477e+12
3.38158e+12
3.35851e+12
3.33557e+12
3.31276e+12
3.29008e+12
3.26753e+12
3.24512e+12
3.22285e+12
3.20071e+12
3.17871e+12
3.15685e+12
3.13514e+12
3.11356e+12
3.09212e+12
3.07082e+12
3.04967e+12
3.02865e+12
3.00777e+12
2.98704e+12
2.96644e+12
2.94598e+12
2.92567e+12
2.90548e+12
2.88544e+12
2.86553e+12
2.84576e+12
2.82613e+12
2.80662e+12
2.78725e+12
2.76802e+12
2.74892e+12
2.72994e+12
2.7111e+12
2.69239e+12
2.67381e+12
2.65535e+12
2.63702e+12
2.61882e+12
2.60074e+12
2.58279e+12
2.56496e+12
2.54726e+12
2.52968e+12
2.51221e+12
2.49487e+12
2.47765e+12
2.46055e+12
2.44356e+12
2.4267e+12
2.40995e+12
2.39331e+12
2.37679e+12
2.36038e+12
2.34409e+12
2.32791e+12
2.31184e+12
2.29588e+12
2.28003e+12
2.26429e+12
2.24866e+12
2.23314e+12
2.21772e+12
2.20242e+12
2.18721e+12
2.17211e+12
2.15712e+12
2.14223e+12
2.12744e+12
2.11276e+12
2.09817e+12
2.08369e+12
2.0693e+12
2.05502e+12
2.04083e+12
2.02675e+12
2.01276e+12
1.99886e+12
1.98506e+12
1.97136e+12
1.95775e+12
1.94424e+12
1.93082e+12
1.91749e+12
1.90425e+12
1.89111e+12
1.87805e+12
1.86509e+12
1.85221e+12
1.83943e+12
1.82673e+12
1.81412e+12
1.8016e+12
1.78916e+12
1.77681e+12
1.76455e+12
1.75237e+12
1.74027e+12
1.72826e+12
1.71633e+12
1.70448e+12
1.69271e+12
1.68103e+12
1.66942e+12
1.6579e+12
1.64645e+12
1.63509e+12
1.6238e+12
1.61259e+12
1.60146e+12
1.59041e+12
1.57943e+12
1.56852e+12
1.5577e+12
1.54694e+12
1.53626e+12
1.52566e+12
1.51513e+12
1.50467e+12
1.49428e+12
1.48397e+12
1.47372e+12
1.46355e+12
1.45345e+12
1.44341e+12
1.43345e+12
1.42355e+12
1.41373e+12
1.40397e+12
1.39428e+12
1.38465e+12
1.37509e+12
1.3656e+12
1.35617e+12
1.34681e+12
1.33751e+12
1.32828e+12
1.31911e+12
1.31001e+12
1.30096e+12
1.29198e+12
1.28306e+12
1.27421e+12
1.26541e+12
1.25668e+12
1.248e+12
1.23939e+12
1.23083e+12
1.22233e+12
1.2139e+12
1.20552e+12
1.19719e+12
1.18893e+12
1.18072e+12
1.17257e+12
1.16448e+12
1.15644e+12
1.14845e+12
1.14053e+12
1.13265e+12
1.12483e+12
1.11707e+12
1.10936e+12
1.1017e+12
1.09409e+12
1.08654e+12
1.07904e+12
1.07159e+12
1.06419e+12
1.05685e+12
1.04955e+12
1.04231e+12
1.03511e+12
1.02797e+12
1.02087e+12
1.01382e+12
1.00682e+12
9.99873e+11
9.92971e+11
9.86116e+11
9.79309e+11
9.72548e+11
9.65834e+11
9.59167e+11
9.52545e+11
9.4597e+11
9.39439e+11
9.32954e+11
9.26513e+11
9.20117e+11
9.13765e+11
9.07457e+11
9.01193e+11
8.94971e+11
8.88793e+11
8.82657e+11
8.76564e+11
8.70513e+11
8.64503e+11
8.58535e+11
8.52608e+11
8.46722e+11
8.40877e+11
8.35072e+11
8.29307e+11
8.23582e+11
8.17896e+11
8.1225e+11
8.06642e+11
8.01074e+11
7.95543e+11
7.90051e+11
7.84597e+11
7.79181e+11
7.73801e+11
7.68459e+11
7.63154e+11
7.57886e+11
7.52654e+11
7.47457e+11
7.42297e+11
7.37173e+11
7.32083e+11
7.27029e+11
7.2201e+11
7.17026e+11
7.12075e+11
7.07159e+11
7.02277e+11
6.97429e+11
6.92614e+11
6.87832e+11
6.83084e+11
6.78368e+11
6.73685e+11
6.69034e+11
6.64415e+11
6.59828e+11
6.55272e+11
6.50748e+11
6.46256e+11
6.41794e+11
6.37363e+11
6.32963e+11
6.28593e+11
6.24253e+11
6.19943e+11
6.15663e+11
6.11412e+11
6.07191e+11
6.02999e+11
5.98836e+11
5.94701e+11
5.90595e+11
5.86518e+11
5.82469e+11
5.78447e+11
5.74453e+11
5.70487e+11
5.66548e+11
5.62637e+11
5.58752e+11
5.54894e+11
5.51063e+11
5.47259e+11
5.4348e+11
5.39728e+11
5.36001e+11
5.323e+11
5.28625e+11
5.24975e+11
5.21351e+11
5.17751e+11
5.14176e+11
5.10626e+11
5.071e+11
5.03599e+11
5.00122e+11
4.96669e+11
4.93239e+11
4.89834e+11
4.86451e+11
4.83093e+11
4.79757e+11
4.76444e+11
4.73155e+11
4.69888e+11
4.66643e+11
4.63421e+11
4.60221e+11
4.57043e+11
4.53887e+11
4.50753e+11
4.47641e+11
4.4455e+11
4.4148e+11
4.38432e+11
4.35404e+11
4.32398e+11
4.29412e+11
4.26446e+11
4.23502e+11
4.20577e+11
4.17673e+11
4.14789e+11
4.11925e+11
4.0908e+11
4.06255e+11
4.0345e+11
4.00664e+11
3.97897e+11
3.95149e+11
3.9242e+11
3.8971e+11
3.87019e+11
3.84346e+11
3.81692e+11
3.79056e+11
3.76438e+11
3.73839e+11
3.71257e+11
3.68693e+11
3.66147e+11
3.63618e+11
3.61107e+11
3.58613e+11
3.56136e+11
3.53677e+11
3.51234e+11
3.48808e+11
3.46399e+11
3.44007e+11
3.41631e+11
3.39271e+11
3.36928e+11
3.34601e+11
3.3229e+11
3.29995e+11
3.27715e+11
3.25452e+11
3.23204e+11
3.20972e+11
3.18755e+11
3.16553e+11
3.14366e+11
3.12195e+11
3.10038e+11
3.07897e+11
3.0577e+11
3.03658e+11
3.0156e+11
2.99477e+11
2.97408e+11
2.95354e+11
2.93314e+11
2.91287e+11
2.89275e+11
2.87277e+11
2.85292e+11
2.83321e+11
2.81364e+11
2.7942e+11
2.7749e+11
2.75573e+11
2.73669e+11
2.71778e+11
2.69901e+11
2.68036e+11
2.66184e+11
2.64345e+11
2.62518e+11
2.60705e+11
2.58903e+11
2.57114e+11
2.55338e+11
2.53573e+11
2.51821e+11
2.50081e+11
2.48353e+11
2.46637e+11
2.44933e+11
2.4324e+11
2.41559e+11
2.3989e+11
2.38232e+11
2.36586e+11
2.34951e+11
2.33327e+11
2.31715e+11
2.30113e+11
2.28523e+11
2.26943e+11
2.25375e+11
2.23817e+11
2.2227e+11
2.20734e+11
2.19208e+11
2.17693e+11
2.16188e+11
2.14694e+11
2.1321e+11
2.11736e+11
2.10272e+11
2.08819e+11
2.07375e+11
2.05941e+11
2.04518e+11
2.03104e+11
2.017e+11
2.00305e+11
1.9892e+11
1.97545e+11
1.96179e+11
1.94822e+11
1.93475e+11
1.92138e+11
1.90809e+11
1.89489e+11
1.88179e+11
1.86878e+11
1.85585e+11
1.84302e+11
1.83027e+11
1.81761e+11
1.80504e+11
1.79256e+11
1.78016e+11
1.76785e+11
1.75562e+11
1.74347e+11
1.73141e+11
1.71944e+11
1.70754e+11
1.69573e+11
1.684e+11
1.67235e+11
1.66078e+11
1.64928e+11
1.63787e+11
1.62654e+11
1.61528e+11
1.60411e+11
1.59301e+11
1.58198e+11
1.57103e+11
1.56016e+11
1.54936e+11
1.53864e+11
1.52799e+11
1.51741e+11
1.50691e+11
1.49648e+11
1.48612e+11
1.47583e+11
1.46561e+11
1.45546e+11
1.44539e+11
1.43538e+11
1.42544e+11
1.41557e+11
1.40577e+11
1.39603e+11
1.38636e+11
1.37676e+11
1.36722e+11
1.35775e+11
1.34835e+11
1.33901e+11
1.32973e+11
1.32052e+11
1.31137e+11
1.30228e+11
1.29326e+11
1.2843e+11
1.2754e+11
1.26656e+11
1.25778e+11
1.24906e+11
1.24041e+11
1.23181e+11
1.22327e+11
1.21479e+11
1.20637e+11
1.198e+11
1.1897e+11
1.18145e+11
1.17325e+11
1.16512e+11
1.15704e+11
1.14901e+11
1.14104e+11
1.13313e+11
1.12526e+11
1.11746e+11
1.1097e+11
1.102e+11
1.09436e+11
1.08676e+11
1.07922e+11
1.07173e+11
1.06429e+11
1.0569e+11
1.04956e+11
1.04228e+11
1.03504e+11
1.02785e+11
1.02071e+11
1.01362e+11
1.00658e+11
9.9959e+10
9.92645e+10
9.85748e+10
9.78899e+10
9.72096e+10
9.6534e+10
9.58631e+10
9.51967e+10
9.45349e+10
9.38777e+10
9.32249e+10
9.25766e+10
9.19328e+10
9.12934e+10
9.06583e+10
9.00276e+10
8.94013e+10
8.87792e+10
8.81613e+10
8.75477e+10
8.69384e+10
8.63331e+10
8.5732e+10
8.51351e+10
8.45422e+10
8.39534e+10
8.33686e+10
8.27878e+10
8.22109e+10
8.16381e+10
8.10691e+10
8.0504e+10
7.99428e+10
7.93854e+10
7.88319e+10
7.82821e+10
7.7736e+10
7.71937e+10
7.66551e+10
7.61202e+10
7.5589e+10
7.50613e+10
7.45373e+10
7.40168e+10
7.34999e+10
7.29865e+10
7.24767e+10
7.19703e+10
7.14673e+10
7.09678e+10
7.04717e+10
6.99789e+10
6.94895e+10
6.90035e+10
6.85208e+10
6.80413e+10
6.75651e+10
6.70922e+10
6.66225e+10
6.6156e+10
6.56926e+10
6.52324e+10
6.47754e+10
6.43214e+10
6.38705e+10
6.34227e+10
6.2978e+10
6.25362e+10
6.20975e+10
6.16617e+10
6.12289e+10
6.0799e+10
6.03721e+10
5.9948e+10
5.95269e+10
5.91085e+10
5.86931e+10
5.82804e+10
5.78705e+10
5.74634e+10
5.70591e+10
5.66575e+10
5.62586e+10
5.58624e+10
5.54689e+10
5.50781e+10
5.46899e+10
5.43043e+10
5.39213e+10
5.3541e+10
5.31632e+10
5.27879e+10
5.24152e+10
5.20449e+10
5.16772e+10
5.1312e+10
5.09492e+10
5.05889e+10
5.0231e+10
4.98755e+10
4.95224e+10
4.91717e+10
4.88233e+10
4.84773e+10
4.81336e+10
4.77922e+10
4.74531e+10
4.71163e+10
4.67817e+10
4.64494e+10
4.61194e+10
4.57915e+10
4.54658e+10
4.51423e+10
4.4821e+10
4.45018e+10
4.41848e+10
4.38699e+10
4.35571e+10
4.32463e+10
4.29377e+10
4.26311e+10
4.23265e+10
4.2024e+10
4.17235e+10
4.1425e+10
4.11285e+10
4.0834e+10
4.05414e+10
4.02508e+10
3.99621e+10
3.96753e+10
3.93904e+10
3.91075e+10
3.88264e+10
3.85471e+10
3.82697e+10
3.79941e+10
3.77204e+10
3.74485e+10
3.71783e+10
3.691e+10
3.66434e+10
3.63786e+10
3.61155e+10
3.58542e+10
3.55946e+10
3.53367e+10
3.50804e+10
3.48259e+10
3.4573e+10
3.43218e+10
3.40723e+10
3.38244e+10
3.35781e+10
3.33334e+10
3.30903e+10
3.28488e+10
3.26089e+10
3.23705e+10
3.21337e+10
3.18984e+10
3.16647e+10
3.14325e+10
3.12018e+10
3.09726e+10
3.07448e+10
3.05186e+10
3.02938e+10
3.00705e+10
2.98486e+10
2.96281e+10
2.94091e+10
2.91915e+10
2.89752e+10
2.87604e+10
2.8547e+10
2.83349e+10
2.81242e+10
2.79148e+10
2.77067e+10
2.75e+10
2.72947e+10
2.70906e+10
2.68878e+10
2.66863e+10
2.64861e+10
2.62872e+10
2.60895e+10
2.58931e+10
2.56979e+10
2.5504e+10
2.53112e+10
2.51197e+10
2.49294e+10
2.47403e+10
2.45524e+10
2.43656e+10
2.41801e+10
2.39957e+10
2.38124e+10
2.36303e+10
2.34493e+10
2.32694e+10
2.30907e+10
2.29131e+10
2.27365e+10
2.25611e+10
2.23867e+10
2.22134e+10
2.20412e+10
2.187e+10
2.16999e+10
2.15309e+10
2.13628e+10
2.11958e+10
2.10298e+10
2.08648e+10
2.07008e+10
2.05378e+10
2.03758e+10
2.02148e+10
2.00547e+10
1.98956e+10
1.97375e+10
1.95803e+10
1.9424e+10
1.92687e+10
1.91143e+10
1.89608e+10
1.88082e+10
1.86565e+10
1.85058e+10
1.83559e+10
1.82069e+10
1.80587e+10
1.79114e+10
1.7765e+10
1.76195e+10
1.74748e+10
1.73309e+10
1.71879e+10
1.70456e+10
1.69042e+10
1.67636e+10
1.66239e+10
1.64849e+10
1.63467e+10
1.62093e+10
1.60726e+10
1.59368e+10
1.58017e+10
1.56673e+10
1.55337e+10
1.54009e+10
1.52688e+10
1.51374e+10
1.50068e+10
1.48768e+10
1.47476e+10
1.46191e+10
1.44913e+10
1.43642e+10
1.42378e+10
1.41121e+10
1.3987e+10
1.38626e+10
1.37389e+10
1.36158e+10
1.34934e+10
1.33717e+10
1.32506e+10
1.31301e+10
1.30102e+10
1.2891e+10
1.27724e+10
1.26544e+10
1.2537e+10
1.24202e+10
1.2304e+10
1.21884e+10
1.20734e+10
1.19589e+10
1.18451e+10
1.17318e+10
1.1619e+10
1.15069e+10
1.13952e+10
1.12842e+10
1.11736e+10
1.10636e+10
1.09542e+10
1.08452e+10
1.07368e+10
1.06289e+10
1.05215e+10
1.04146e+10
1.03082e+10
1.02023e+10
1.00969e+10
9.99195e+09
9.88751e+09
9.78353e+09
9.68003e+09
9.57699e+09
9.47442e+09
9.37229e+09
9.27062e+09
9.16939e+09
9.0686e+09
8.96825e+09
8.86832e+09
8.76882e+09
8.66975e+09
8.57108e+09
8.47283e+09
8.37499e+09
8.27755e+09
8.1805e+09
8.08385e+09
7.98759e+09
7.8917e+09
7.7962e+09
7.70107e+09
7.60631e+09
7.51192e+09
7.41789e+09
7.32421e+09
7.23088e+09
7.1379e+09
7.04527e+09
6.95297e+09
6.861e+09
6.76937e+09
6.67806e+09
6.58707e+09
6.49639e+09
6.40603e+09
6.31597e+09
6.22622e+09
6.13677e+09
6.04761e+09
5.95874e+09
5.87015e+09
5.78185e+09
5.69383e+09
5.60608e+09
5.51859e+09
5.43138e+09
5.34442e+09
5.25772e+09
5.17127e+09
5.08507e+09
4.99912e+09
4.9134e+09
4.82792e+09
4.74267e+09
4.65765e+09
4.57285e+09
4.48827e+09
4.40391e+09
4.31976e+09
4.23582e+09
4.15207e+09
4.06853e+09
3.98519e+09
3.90203e+09
3.81906e+09
3.73628e+09
3.65367e+09
3.57124e+09
3.48898e+09
3.40689e+09
3.32496e+09
3.24319e+09
3.16158e+09
3.08012e+09
2.99881e+09
2.91764e+09
2.83661e+09
2.75571e+09
2.67495e+09
2.59432e+09
2.51381e+09
2.43342e+09
2.35315e+09
2.27299e+09
2.19294e+09
2.113e+09
2.03316e+09
1.95341e+09
1.87376e+09
1.7942e+09
1.71472e+09
1.63533e+09
1.55602e+09
1.47678e+09
1.39761e+09
1.31851e+09
1.23947e+09
1.16049e+09
1.08156e+09
1.00269e+09
9.2387e+08
8.4509e+08
7.66352e+08
6.8765e+08
6.08981e+08
5.30341e+08
4.51727e+08
3.73135e+08
2.9456e+08
2.15999e+08
1.37449e+08
5.89056e+07
-1.96351e+07
-9.81768e+07
-1.76723e+08
-2.55278e+08
-3.33845e+08
-4.12428e+08
-4.91031e+08
-5.69658e+08
-6.48312e+08
-7.26997e+08
-8.05716e+08
-8.84475e+08
-9.63276e+08
-1.04212e+09
-1.12102e+09
-1.19997e+09
-1.27898e+09
-1.35805e+09
-1.43718e+09
-1.51639e+09
-1.59566e+09
-1.67502e+09
-1.75445e+09
-1.83397e+09
-1.91358e+09
-1.99327e+09
-2.07307e+09
-2.15296e+09
-2.23296e+09
-2.31306e+09
-2.39327e+09
-2.4736e+09
-2.55405e+09
-2.63462e+09
-2.71532e+09
-2.79614e+09
-2.8771e+09
-2.9582e+09
-3.03944e+09
-3.12083e+09
-3.20237e+09
-3.28406e+09
-3.36591e+09
-3.44792e+09
-3.53009e+09
-3.61243e+09
-3.69495e+09
-3.77765e+09
-3.86052e+09
-3.94358e+09
-4.02683e+09
-4.11028e+09
-4.19392e+09
-4.27776e+09
-4.36181e+09
-4.44607e+09
-4.53054e+09
-4.61522e+09
-4.70013e+09
-4.78527e+09
-4.87063e+09
-4.95623e+09
-5.04206e+09
-5.12814e+09
-5.21446e+09
-5.30104e+09
-5.38787e+09
-5.47495e+09
-5.5623e+09
-5.64992e+09
-5.7378e+09
-5.82597e+09
-5.91441e+09
-6.00314e+09
-6.09215e+09
-6.18146e+09
-6.27106e+09
-6.36096e+09
-6.45117e+09
-6.54169e+09
-6.63252e+09
-6.72367e+09
-6.81514e+09
-6.90694e+09
-6.99908e+09
-7.09154e+09
-7.18435e+09
-7.2775e+09
-7.371e+09
-7.46486e+09
-7.55907e+09
-7.65365e+09
-7.74859e+09
-7.84391e+09
-7.9396e+09
-8.03567e+09
-8.13213e+09
-8.22898e+09
-8.32622e+09
-8.42386e+09
-8.52191e+09
-8.62036e+09
-8.71923e+09
-8.81852e+09
-8.91823e+09
-9.01837e+09
-9.11894e+09
-9.21995e+09
-9.3214e+09
-9.4233e+09
-9.52565e+09
-9.62846e+09
-9.73172e+09
-9.83546e+09
-9.93967e+09
-1.00444e+10
-1.01495e+10
-1.02552e+10
-1.03613e+10
-1.0468e+10
-1.05751e+10
-1.06828e+10
-1.07909e+10
-1.08996e+10
-1.10088e+10
-1.11186e+10
-1.12288e+10
-1.13396e+10
-1.1451e+10
-1.15629e+10
-1.16753e+10
-1.17884e+10
-1.19019e+10
-1.20161e+10
-1.21308e+10
-1.22461e+10
-1.2362e+10
-1.24785e+10
-1.25956e+10
-1.27133e+10
-1.28316e+10
-1.29505e+10
-1.30701e+10
-1.31902e+10
-1.3311e+10
-1.34325e+10
-1.35546e+10
-1.36773e+10
-1.38007e+10
-1.39247e+10
-1.40495e+10
-1.41749e+10
-1.43009e+10
-1.44277e+10
-1.45551e+10
-1.46833e+10
-1.48122e+10
-1.49417e+10
-1.5072e+10
-1.5203e+10
-1.53347e+10
-1.54672e+10
-1.56004e+10
-1.57344e+10
-1.58691e+10
-1.60046e+10
-1.61408e+10
-1.62779e+10
-1.64157e+10
-1.65543e+10
-1.66937e+10
-1.68338e+10
-1.69748e+10
-1.71166e+10
-1.72593e+10
-1.74027e+10
-1.7547e+10
-1.76922e+10
-1.78381e+10
-1.7985e+10
-1.81327e+10
-1.82813e+10
-1.84307e+10
-1.8581e+10
-1.87323e+10
-1.88844e+10
-1.90374e+10
-1.91914e+10
-1.93462e+10
-1.9502e+10
-1.96587e+10
-1.98164e+10
-1.9975e+10
-2.01346e+10
-2.02952e+10
-2.04567e+10
-2.06192e+10
-2.07827e+10
-2.09472e+10
-2.11127e+10
-2.12792e+10
-2.14467e+10
-2.16153e+10
-2.17849e+10
-2.19555e+10
-2.21272e+10
-2.22999e+10
-2.24738e+10
-2.26487e+10
-2.28247e+10
-2.30017e+10
-2.31799e+10
-2.33592e+10
-2.35397e+10
-2.37212e+10
-2.39039e+10
-2.40877e+10
-2.42727e+10
-2.44589e+10
-2.46462e+10
-2.48347e+10
-2.50244e+10
-2.52153e+10
-2.54074e+10
-2.56008e+10
-2.57953e+10
-2.59911e+10
-2.61882e+10
-2.63865e+10
-2.65861e+10
-2.67869e+10
-2.6989e+10
-2.71925e+10
-2.73972e+10
-2.76032e+10
-2.78106e+10
-2.80193e+10
-2.82293e+10
-2.84407e+10
-2.86535e+10
-2.88677e+10
-2.90832e+10
-2.93001e+10
-2.95184e+10
-2.97382e+10
-2.99593e+10
-3.0182e+10
-3.0406e+10
-3.06315e+10
-3.08585e+10
-3.1087e+10
-3.13169e+10
-3.15484e+10
-3.17814e+10
-3.20159e+10
-3.22519e+10
-3.24895e+10
-3.27286e+10
-3.29693e+10
-3.32116e+10
-3.34555e+10
-3.3701e+10
-3.39481e+10
-3.41969e+10
-3.44472e+10
-3.46993e+10
-3.4953e+10
-3.52083e+10
-3.54654e+10
-3.57242e+10
-3.59846e+10
-3.62468e+10
-3.65108e+10
-3.67765e+10
-3.70439e+10
-3.73132e+10
-3.75842e+10
-3.7857e+10
-3.81317e+10
-3.84082e+10
-3.86865e+10
-3.89667e+10
-3.92487e+10
-3.95326e+10
-3.98185e+10
-4.01062e+10
-4.03959e+10
-4.06875e+10
-4.0981e+10
-4.12765e+10
-4.1574e+10
-4.18735e+10
-4.2175e+10
-4.24786e+10
-4.27841e+10
-4.30917e+10
-4.34014e+10
-4.37132e+10
-4.40271e+10
-4.4343e+10
-4.46611e+10
-4.49814e+10
-4.53038e+10
-4.56284e+10
-4.59551e+10
-4.62841e+10
-4.66153e+10
-4.69487e+10
-4.72844e+10
-4.76224e+10
-4.79626e+10
-4.83052e+10
-4.865e+10
-4.89972e+10
-4.93467e+10
-4.96987e+10
-5.00529e+10
-5.04096e+10
-5.07688e+10
-5.11303e+10
-5.14943e+10
-5.18608e+10
-5.22297e+10
-5.26012e+10
-5.29752e+10
-5.33517e+10
-5.37308e+10
-5.41125e+10
-5.44968e+10
-5.48837e+10
-5.52732e+10
-5.56653e+10
-5.60602e+10
-5.64577e+10
-5.68579e+10
-5.72609e+10
-5.76666e+10
-5.80751e+10
-5.84864e+10
-5.89004e+10
-5.93173e+10
-5.97371e+10
-6.01597e+10
-6.05852e+10
-6.10136e+10
-6.14449e+10
-6.18792e+10
-6.23165e+10
-6.27567e+10
-6.32e+10
-6.36462e+10
-6.40956e+10
-6.4548e+10
-6.50035e+10
-6.54621e+10
-6.59239e+10
-6.63888e+10
-6.6857e+10
-6.73283e+10
-6.78028e+10
-6.82806e+10
-6.87617e+10
-6.92461e+10
-6.97338e+10
-7.02249e+10
-7.07193e+10
-7.12171e+10
-7.17183e+10
-7.2223e+10
-7.27312e+10
-7.32428e+10
-7.37579e+10
-7.42766e+10
-7.47989e+10
-7.53247e+10
-7.58541e+10
-7.63872e+10
-7.6924e+10
-7.74644e+10
-7.80086e+10
-7.85565e+10
-7.91082e+10
-7.96636e+10
-8.02229e+10
-8.07861e+10
-8.13531e+10
-8.1924e+10
-8.24989e+10
-8.30777e+10
-8.36605e+10
-8.42473e+10
-8.48381e+10
-8.5433e+10
-8.60321e+10
-8.66352e+10
-8.72425e+10
-8.7854e+10
-8.84697e+10
-8.90897e+10
-8.97139e+10
-9.03424e+10
-9.09753e+10
-9.16125e+10
-9.22542e+10
-9.29002e+10
-9.35507e+10
-9.42057e+10
-9.48652e+10
-9.55293e+10
-9.6198e+10
-9.68712e+10
-9.75492e+10
-9.82318e+10
-9.89191e+10
-9.96111e+10
-1.00308e+11
-1.0101e+11
-1.01716e+11
-1.02427e+11
-1.03144e+11
-1.03865e+11
-1.04591e+11
-1.05322e+11
-1.06059e+11
-1.068e+11
-1.07547e+11
-1.08298e+11
-1.09055e+11
-1.09817e+11
-1.10585e+11
-1.11357e+11
-1.12135e+11
-1.12919e+11
-1.13708e+11
-1.14502e+11
-1.15302e+11
-1.16107e+11
-1.16918e+11
-1.17734e+11
-1.18556e+11
-1.19384e+11
-1.20218e+11
-1.21057e+11
-1.21902e+11
-1.22753e+11
-1.2361e+11
-1.24473e+11
-1.25342e+11
-1.26216e+11
-1.27097e+11
-1.27984e+11
-1.28877e+11
-1.29776e+11
-1.30682e+11
-1.31594e+11
-1.32512e+11
-1.33436e+11
-1.34367e+11
-1.35304e+11
-1.36248e+11
-1.37198e+11
-1.38155e+11
-1.39119e+11
-1.40089e+11
-1.41066e+11
-1.4205e+11
-1.4304e+11
-1.44037e+11
-1.45042e+11
-1.46053e+11
-1.47071e+11
-1.48096e+11
-1.49129e+11
-1.50168e+11
-1.51215e+11
-1.52269e+11
-1.5333e+11
-1.54399e+11
-1.55475e+11
-1.56559e+11
-1.5765e+11
-1.58748e+11
-1.59855e+11
-1.60969e+11
-1.6209e+11
-1.6322e+11
-1.64357e+11
-1.65502e+11
-1.66655e+11
-1.67816e+11
-1.68985e+11
-1.70162e+11
-1.71348e+11
-1.72541e+11
-1.73743e+11
-1.74954e+11
-1.76172e+11
-1.77399e+11
-1.78635e+11
-1.79879e+11
-1.81132e+11
-1.82393e+11
-1.83663e+11
-1.84943e+11
-1.8623e+11
-1.87527e+11
-1.88833e+11
-1.90148e+11
-1.91472e+11
-1.92805e+11
-1.94148e+11
-1.955e+11
-1.96861e+11
-1.98231e+11
-1.99611e+11
-2.01001e+11
-2.024e+11
-2.0381e+11
-2.05228e+11
-2.06657e+11
-2.08096e+11
-2.09544e+11
-2.11003e+11
-2.12472e+11
-2.13951e+11
-2.1544e+11
-2.16939e+11
-2.18449e+11
-2.1997e+11
-2.21501e+11
-2.23042e+11
-2.24595e+11
-2.26158e+11
-2.27732e+11
-2.29317e+11
-2.30913e+11
-2.32519e+11
-2.34138e+11
-2.35767e+11
-2.37408e+11
-2.3906e+11
-2.40723e+11
-2.42398e+11
-2.44085e+11
-2.45783e+11
-2.47494e+11
-2.49216e+11
-2.5095e+11
-2.52696e+11
-2.54454e+11
-2.56225e+11
-2.58007e+11
-2.59802e+11
-2.6161e+11
-2.6343e+11
-2.65263e+11
-2.67108e+11
-2.68967e+11
-2.70838e+11
-2.72722e+11
-2.74619e+11
-2.7653e+11
-2.78453e+11
-2.8039e+11
-2.82341e+11
-2.84305e+11
-2.86283e+11
-2.88274e+11
-2.9028e+11
-2.92299e+11
-2.94332e+11
-2.96379e+11
-2.98441e+11
-3.00517e+11
-3.02607e+11
-3.04712e+11
-3.06832e+11
-3.08966e+11
-3.11115e+11
-3.13279e+11
-3.15458e+11
-3.17652e+11
-3.19861e+11
-3.22086e+11
-3.24326e+11
-3.26582e+11
-3.28853e+11
-3.3114e+11
-3.33443e+11
-3.35762e+11
-3.38098e+11
-3.40449e+11
-3.42817e+11
-3.45201e+11
-3.47602e+11
-3.50019e+11
-3.52453e+11
-3.54904e+11
-3.57372e+11
-3.59858e+11
-3.6236e+11
-3.6488e+11
-3.67418e+11
-3.69973e+11
-3.72546e+11
-3.75136e+11
-3.77745e+11
-3.80372e+11
-3.83017e+11
-3.8568e+11
-3.88362e+11
-3.91063e+11
-3.93782e+11
-3.9652e+11
-3.99278e+11
-4.02054e+11
-4.0485e+11
-4.07665e+11
-4.105e+11
-4.13354e+11
-4.16228e+11
-4.19123e+11
-4.22037e+11
-4.24972e+11
-4.27927e+11
-4.30902e+11
-4.33898e+11
-4.36915e+11
-4.39953e+11
-4.43012e+11
-4.46092e+11
-4.49194e+11
-4.52317e+11
-4.55462e+11
-4.58629e+11
-4.61818e+11
-4.65029e+11
-4.68262e+11
-4.71518e+11
-4.74797e+11
-4.78098e+11
-4.81422e+11
-4.84769e+11
-4.8814e+11
-4.91533e+11
-4.94951e+11
-4.98392e+11
-5.01857e+11
-5.05347e+11
-5.0886e+11
-5.12398e+11
-5.1596e+11
-5.19548e+11
-5.2316e+11
-5.26797e+11
-5.3046e+11
-5.34148e+11
-5.37861e+11
-5.41601e+11
-5.45366e+11
-5.49158e+11
-5.52976e+11
-5.5682e+11
-5.60691e+11
-5.64589e+11
-5.68514e+11
-5.72467e+11
-5.76447e+11
-5.80454e+11
-5.8449e+11
-5.88553e+11
-5.92645e+11
-5.96765e+11
-6.00914e+11
-6.05091e+11
-6.09298e+11
-6.13534e+11
-6.17799e+11
-6.22094e+11
-6.26419e+11
-6.30774e+11
-6.35159e+11
-6.39575e+11
-6.44021e+11
-6.48498e+11
-6.53006e+11
-6.57546e+11
-6.62117e+11
-6.6672e+11
-6.71355e+11
-6.76022e+11
-6.80722e+11
-6.85454e+11
-6.90219e+11
-6.95017e+11
-6.99849e+11
-7.04714e+11
-7.09613e+11
-7.14546e+11
-7.19514e+11
-7.24515e+11
-7.29552e+11
-7.34624e+11
-7.39731e+11
-7.44873e+11
-7.50051e+11
-7.55265e+11
-7.60515e+11
-7.65802e+11
-7.71126e+11
-7.76486e+11
-7.81884e+11
-7.87319e+11
-7.92793e+11
-7.98304e+11
-8.03853e+11
-8.09441e+11
-8.15068e+11
-8.20734e+11
-8.26439e+11
-8.32184e+11
-8.37969e+11
-8.43794e+11
-8.4966e+11
-8.55566e+11
-8.61514e+11
-8.67503e+11
-8.73533e+11
-8.79605e+11
-8.8572e+11
-8.91877e+11
-8.98077e+11
-9.0432e+11
-9.10606e+11
-9.16936e+11
-9.2331e+11
-9.29728e+11
-9.36191e+11
-9.42699e+11
-9.49252e+11
-9.5585e+11
-9.62495e+11
-9.69185e+11
-9.75923e+11
-9.82706e+11
-9.89538e+11
-9.96416e+11
-1.00334e+12
-1.01032e+12
-1.01734e+12
-1.02441e+12
-1.03153e+12
-1.0387e+12
-1.04592e+12
-1.05319e+12
-1.06052e+12
-1.06789e+12
-1.07531e+12
-1.08278e+12
-1.09031e+12
-1.09789e+12
-1.10552e+12
-1.11321e+12
-1.12095e+12
-1.12874e+12
-1.13658e+12
-1.14448e+12
-1.15244e+12
-1.16045e+12
-1.16852e+12
-1.17664e+12
-1.18482e+12
-1.19305e+12
-1.20135e+12
-1.2097e+12
-1.21811e+12
-1.22657e+12
-1.2351e+12
-1.24369e+12
-1.25233e+12
-1.26104e+12
-1.2698e+12
-1.27863e+12
-1.28752e+12
-1.29647e+12
-1.30548e+12
-1.31455e+12
-1.32369e+12
-1.33289e+12
-1.34216e+12
-1.35149e+12
-1.36088e+12
-1.37034e+12
-1.37986e+12
-1.38946e+12
-1.39911e+12
-1.40884e+12
-1.41863e+12
-1.42849e+12
-1.43842e+12
-1.44842e+12
-1.45849e+12
-1.46863e+12
-1.47884e+12
-1.48912e+12
-1.49947e+12
-1.50989e+12
-1.52038e+12
-1.53095e+12
-1.54159e+12
-1.55231e+12
-1.5631e+12
-1.57397e+12
-1.58491e+12
-1.59592e+12
-1.60702e+12
-1.61819e+12
-1.62943e+12
-1.64076e+12
-1.65217e+12
-1.66365e+12
-1.67521e+12
-1.68686e+12
-1.69858e+12
-1.71039e+12
-1.72228e+12
-1.73425e+12
-1.74631e+12
-1.75844e+12
-1.77067e+12
-1.78298e+12
-1.79537e+12
-1.80785e+12
-1.82042e+12
-1.83307e+12
-1.84581e+12
-1.85864e+12
-1.87156e+12
-1.88457e+12
-1.89767e+12
-1.91086e+12
-1.92414e+12
-1.93752e+12
-1.95098e+12
-1.96455e+12
-1.9782e+12
-1.99195e+12
-2.0058e+12
-2.01974e+12
-2.03378e+12
-2.04792e+12
-2.06215e+12
-2.07648e+12
-2.09092e+12
-2.10545e+12
-2.12009e+12
-2.13482e+12
-2.14966e+12
-2.1646e+12
-2.17965e+12
-2.1948e+12
-2.21006e+12
-2.22542e+12
-2.24089e+12
-2.25646e+12
-2.27215e+12
-2.28794e+12
-2.30385e+12
-2.31986e+12
-2.33598e+12
-2.35222e+12
-2.36857e+12
-2.38504e+12
-2.40161e+12
-2.41831e+12
-2.43512e+12
-2.45204e+12
-2.46909e+12
-2.48625e+12
-2.50353e+12
-2.52093e+12
-2.53845e+12
-2.5561e+12
-2.57386e+12
-2.59175e+12
-2.60977e+12
-2.62791e+12
-2.64617e+12
-2.66456e+12
-2.68308e+12
-2.70173e+12
-2.72051e+12
-2.73941e+12
-2.75845e+12
-2.77762e+12
-2.79692e+12
-2.81636e+12
-2.83593e+12
-2.85563e+12
-2.87547e+12
-2.89545e+12
-2.91556e+12
-2.93581e+12
-2.9562e+12
-2.97672e+12
-2.99739e+12
-3.01819e+12
-3.03914e+12
-3.06023e+12
-3.08145e+12
-3.10282e+12
-3.12433e+12
-3.14598e+12
-3.16777e+12
-3.18969e+12
-3.21176e+12
-3.23397e+12
-3.25631e+12
-3.27879e+12
-3.3014e+12
-3.32415e+12
-3.34703e+12
-3.37003e+12
-3.39316e+12
-3.41641e+12
-3.43977e+12
-3.46325e+12
-3.48683e+12
-3.51052e+12
-3.5343e+12
-3.55817e+12
-3.58212e+12
-3.60614e+12
-3.63022e+12
-3.65434e+12
-3.67851e+12
-3.7027e+12
-3.72689e+12
-3.75108e+12
-3.77524e+12
-3.79936e+12
-3.82341e+12
-3.84738e+12
-3.87123e+12
-3.89494e+12
-3.91848e+12
-3.94182e+12
-3.96492e+12
-3.98776e+12
-4.01029e+12
-4.03247e+12
-4.05426e+12
-4.0756e+12
-4.09646e+12
-4.11678e+12
-4.13651e+12
-4.15558e+12
-4.17393e+12
-4.1915e+12
-4.20822e+12
-4.22402e+12
-4.23883e+12
-4.25257e+12
-4.26515e+12
-4.2765e+12
-4.28652e+12
-4.29513e+12
-4.30224e+12
-4.30774e+12
-4.31155e+12
-4.31357e+12
-4.31368e+12
-4.3118e+12
-4.30781e+12
-4.30162e+12
-4.29311e+12
-4.28217e+12
-4.26871e+12
-4.25262e+12
-4.23378e+12
-4.2121e+12
-4.18748e+12
-4.15982e+12
-4.12901e+12
-4.09497e+12
-4.0576e+12
-4.01683e+12
-3.97257e+12
-3.92474e+12
-3.87329e+12
-3.81814e+12
-3.75924e+12
-3.69654e+12
-3.63002e+12
-3.55963e+12
-3.48535e+12
-3.40718e+12
-3.32511e+12
-3.23915e+12
-3.14932e+12
-3.05565e+12
-2.95818e+12
-2.85697e+12
-2.75207e+12
-2.64357e+12
-2.53154e+12
-2.4161e+12
-2.29734e+12
-2.17538e+12
-2.05037e+12
-1.92243e+12
-1.79173e+12
-1.65843e+12
-1.52269e+12
-1.38469e+12
-1.24463e+12
-1.1027e+12
-9.59103e+11
-8.14048e+11
-6.67751e+11
-5.20431e+11
-3.7231e+11
-2.23616e+11
-7.45771e+10
7.45771e+10
2.23616e+11
3.7231e+11
5.20431e+11
6.67751e+11
8.14048e+11
9.59103e+11
1.1027e+12
1.24463e+12
1.38469e+12
1.52269e+12
1.65843e+12
1.79173e+12
1.92243e+12
2.05037e+12
2.17538e+12
2.29734e+12
2.4161e+12
2.53154e+12
2.64357e+12
2.75207e+12
2.85697e+12
2.95818e+12
3.05565e+12
3.14932e+12
3.23915e+12
3.32511e+12
3.40718e+12
3.48535e+12
3.55963e+12
3.63002e+12
3.69654e+12
3.75924e+12
3.81814e+12
3.87329e+12
3.92474e+12
3.97257e+12
4.01683e+12
4.0576e+12
4.09497e+12
4.12901e+12
4.15982e+12
4.18748e+12
4.2121e+12
4.23378e+12
4.25262e+12
4.26871e+12
4.28217e+12
4.29311e+12
4.30162e+12
4.30781e+12
4.3118e+12
4.31368e+12
4.31357e+12
4.31155e+12
4.30774e+12
4.30224e+12
4.29513e+12
4.28652e+12
4.2765e+12
4.26515e+12
4.25257e+12
4.23883e+12
4.22402e+12
4.20822e+12
4.1915e+12
4.17393e+12
4.15558e+12
4.13651e+12
4.11678e+12
4.09646e+12
4.0756e+12
4.05426e+12
4.03247e+12
4.01029e+12
3.98776e+12
3.96492e+12
3.94182e+12
3.91848e+12
3.89494e+12
3.87123e+12
3.84738e+12
3.82341e+12
3.79936e+12
3.77524e+12
3.75108e+12
3.72689e+12
3.7027e+12
3.67851e+12
3.65434e+12
3.63022e+12
3.60614e+12
3.58212e+12
3.55817e+12
3.5343e+12
3.51052e+12
3.48683e+12
3.46325e+12
3.43977e+12
3.41641e+12
3.39316e+12
3.37003e+12
3.34703e+12
3.32415e+12
3.3014e+12
3.27879e+12
3.25631e+12
3.23397e+12
3.21176e+12
3.18969e+12
3.16777e+12
3.14598e+12
3.12433e+12
3.10282e+12
3.08145e+12
3.06023e+12
3.03914e+12
3.01819e+12
2.99739e+12
2.97672e+12
2.9562e+12
2.93581e+12
2.91556e+12
2.89545e+12
2.87547e+12
2.85563e+12
2.83593e+12
2.81636e+12
2.79692e+12
2.77762e+12
2.75845e+12
2.73941e+12
2.72051e+12
2.70173e+12
2.68308e+12
2.66456e+12
2.64617e+12
2.62791e+12
2.60977e+12
2.59175e+12
2.57386e+12
2.5561e+12
2.53845e+12
2.52093e+12
2.50353e+12
2.48625e+12
2.46909e+12
2.45204e+12
2.43512e+12
2.41831e+12
2.40161e+12
2.38504e+12
2.36857e+12
2.35222e+12
2.33598e+12
2.31986e+12
2.30385e+12
2.28794e+12
2.27215e+12
2.25646e+12
2.24089e+12
2.22542e+12
2.21006e+12
2.1948e+12
2.17965e+12
2.1646e+12
2.14966e+12
2.13482e+12
2.12009e+12
2.10545e+12
2.09092e+12
2.07648e+12
2.06215e+12
2.04792e+12
2.03378e+12
2.01974e+12
2.0058e+12
1.99195e+12
1.9782e+12
1.96455e+12
1.95098e+12
1.93752e+12
1.92414e+12
1.91086e+12
1.89767e+12
1.88457e+12
1.87156e+12
1.85864e+12
1.84581e+12
1.83307e+12
1.82042e+12
1.80785e+12
1.79537e+12
1.78298e+12
1.77067e+12
1.75844e+12
1.74631e+12
1.73425e+12
1.72228e+12
1.71039e+12
1.69858e+12
1.68686e+12
1.67521e+12
1.66365e+12
1.65217e+12
1.64076e+12
1.62943e+12
1.61819e+12
1.60702e+12
1.59592e+12
1.58491e+12
1.57397e+12
1.5631e+12
1.55231e+12
1.54159e+12
1.53095e+12
1.52038e+12
1.50989e+12
1.49947e+12
1.48912e+12
1.47884e+12
1.46863e+12
1.45849e+12
1.44842e+12
1.43842e+12
1.42849e+12
1.41863e+12
1.40884e+12
1.39911e+12
1.38946e+12
1.37986e+12
1.37034e+12
1.36088e+12
1.35149e+12
1.34216e+12
1.33289e+12
1.32369e+12
1.31455e+12
1.30548e+12
1.29647e+12
1.28752e+12
1.27863e+12
1.2698e+12
1.26104e+12
1.25233e+12
1.24369e+12
1.2351e+12
1.22657e+12
1.21811e+12
1.2097e+12
1.20135e+12
1.19305e+12
1.18482e+12
1.17664e+12
1.16852e+12
1.16045e+12
1.15244e+12
1.14448e+12
1.13658e+12
1.12874e+12
1.12095e+12
1.11321e+12
1.10552e+12
1.09789e+12
1.09031e+12
1.08278e+12
1.07531e+12
1.06789e+12
1.06052e+12
1.05319e+12
1.04592e+12
1.0387e+12
1.03153e+12
1.02441e+12
1.01734e+12
1.01032e+12
1.00334e+12
9.96416e+11
9.89538e+11
9.82706e+11
9.75923e+11
9.69185e+11
9.62495e+11
9.5585e+11
9.49252e+11
9.42699e+11
9.36191e+11
9.29728e+11
9.2331e+11
9.16936e+11
9.10606e+11
9.0432e+11
8.98077e+11
8.91877e+11
8.8572e+11
8.79605e+11
8.73533e+11
8.67503e+11
8.61514e+11
8.55566e+11
8.4966e+11
8.43794e+11
8.37969e+11
8.32184e+11
8.26439e+11
8.20734e+11
8.15068e+11
8.09441e+11
8.03853e+11
7.98304e+11
7.92793e+11
7.87319e+11
7.81884e+11
7.76486e+11
7.71126e+11
7.65802e+11
7.60515e+11
7.55265e+11
7.50051e+11
7.44873e+11
7.39731e+11
7.34624e+11
7.29552e+11
7.24515e+11
7.19514e+11
7.14546e+11
7.09613e+11
7.04714e+11
6.99849e+11
6.95017e+11
6.90219e+11
6.85454e+11
6.80722e+11
6.76022e+11
6.71355e+11
6.6672e+11
6.62117e+11
6.57546e+11
6.53006e+11
6.48498e+11
6.44021e+11
6.39575e+11
6.35159e+11
6.30774e+11
6.26419e+11
6.22094e+11
6.17799e+11
6.13534e+11
6.09298e+11
6.05091e+11
6.00914e+11
5.96765e+11
5.92645e+11
5.88553e+11
5.8449e+11
5.80454e+11
5.76447e+11
5.72467e+11
5.68514e+11
5.64589e+11
5.60691e+11
5.5682e+11
5.52976e+11
5.49158e+11
5.45366e+11
5.41601e+11
5.37861e+11
5.34148e+11
5.3046e+11
5.26797e+11
5.2316e+11
5.19548e+11
5.1596e+11
5.12398e+11
5.0886e+11
5.05347e+11
5.01857e+11
4.98392e+11
4.94951e+11
4.91533e+11
4.8814e+11
4.84769e+11
4.81422e+11
4.78098e+11
4.74797e+11
4.71518e+11
4.68262e+11
4.65029e+11
4.61818e+11
4.58629e+11
4.55462e+11
4.52317e+11
4.49194e+11
4.46092e+11
4.43012e+11
4.39953e+11
4.36915e+11
4.33898e+11
4.30902e+11
4.27927e+11
4.24972e+11
4.22037e+11
4.19123e+11
4.16228e+11
4.13354e+11
4.105e+11
4.07665e+11
4.0485e+11
4.02054e+11
3.99278e+11
3.9652e+11
3.93782e+11
3.91063e+11
3.88362e+11
3.8568e+11
3.83017e+11
3.80372e+11
3.77745e+11
3.75136e+11
3.72546e+11
3.69973e+11
3.67418e+11
3.6488e+11
3.6236e+11
3.59858e+11
3.57372e+11
3.54904e+11
3.52453e+11
3.50019e+11
3.47602e+11
3.45201e+11
3.42817e+11
3.40449e+11
3.38098e+11
3.35762e+11
3.33443e+11
3.3114e+11
3.28853e+11
3.26582e+11
3.24326e+11
3.22086e+11
3.19861e+11
3.17652e+11
3.15458e+11
3.13279e+11
3.11115e+11
3.08966e+11
3.06832e+11
3.04712e+11
3.02607e+11
3.00517e+11
2.98441e+11
2.96379e+11
2.94332e+11
2.92299e+11
2.9028e+11
2.88274e+11
2.86283e+11
2.84305e+11
2.82341e+11
2.8039e+11
2.78453e+11
2.7653e+11
2.74619e+11
2.72722e+11
2.70838e+11
2.68967e+11
2.67108e+11
2.65263e+11
2.6343e+11
2.6161e+11
2.59802e+11
2.58007e+11
2.56225e+11
2.54454e+11
2.52696e+11
2.5095e+11
2.49216e+11
2.47494e+11
2.45783e+11
2.44085e+11
2.42398e+11
2.40723e+11
2.3906e+11
2.37408e+11
2.35767e+11
2.34138e+11
2.32519e+11
2.30913e+11
2.29317e+11
2.27732e+11
2.26158e+11
2.24595e+11
2.23042e+11
2.21501e+11
2.1997e+11
2.18449e+11
2.16939e+11
2.1544e+11
2.13951e+11
2.12472e+11
2.11003e+11
2.09544e+11
2.08096e+11
2.06657e+11
2.05228e+11
2.0381e+11
2.024e+11
2.01001e+11
1.99611e+11
1.98231e+11
1.96861e+11
1.955e+11
1.94148e+11
1.92805e+11
1.91472e+11
1.90148e+11
1.88833e+11
1.87527e+11
1.8623e+11
1.84943e+11
1.83663e+11
1.82393e+11
1.81132e+11
1.79879e+11
1.78635e+11
1.77399e+11
1.76172e+11
1.74954e+11
1.73743e+11
1.72541e+11
1.71348e+11
1.70162e+11
1.68985e+11
1.67816e+11
1.66655e+11
1.65502e+11
1.64357e+11
1.6322e+11
1.6209e+11
1.60969e+11
1.59855e+11
1.58748e+11
1.5765e+11
1.56559e+11
1.55475e+11
1.54399e+11
1.5333e+11
1.52269e+11
1.51215e+11
1.50168e+11
1.49129e+11
1.48096e+11
1.47071e+11
1.46053e+11
1.45042e+11
1.44037e+11
1.4304e+11
1.4205e+11
1.41066e+11
1.40089e+11
1.39119e+11
1.38155e+11
1.37198e+11
1.36248e+11
1.35304e+11
1.34367e+11
1.33436e+11
1.32512e+11
1.31594e+11
1.30682e+11
1.29776e+11
1.28877e+11
1.27984e+11
1.27097e+11
1.26216e+11
1.25342e+11
1.24473e+11
1.2361e+11
1.22753e+11
1.21902e+11
1.21057e+11
1.20218e+11
1.19384e+11
1.18556e+11
1.17734e+11
1.16918e+11
1.16107e+11
1.15302e+11
1.14502e+11
1.13708e+11
1.12919e+11
1.12135e+11
1.11357e+11
1.10585e+11
1.09817e+11
1.09055e+11
1.08298e+11
1.07547e+11
1.068e+11
1.06059e+11
1.05322e+11
1.04591e+11
1.03865e+11
1.03144e+11
1.02427e+11
1.01716e+11
1.0101e+11
1.00308e+11
9.96111e+10
9.89191e+10
9.82318e+10
9.75492e+10
9.68712e+10
9.6198e+10
9.55293e+10
9.48652e+10
9.42057e+10
9.35507e+10
9.29002e+10
9.22542e+10
9.16125e+10
9.09753e+10
9.03424e+10
8.97139e+10
8.90897e+10
8.84697e+10
8.7854e+10
8.72425e+10
8.66352e+10
8.60321e+10
8.5433e+10
8.48381e+10
8.42473e+10
8.36605e+10
8.30777e+10
8.24989e+10
8.1924e+10
8.13531e+10
8.07861e+10
8.02229e+10
7.96636e+10
7.91082e+10
7.85565e+10
7.80086e+10
7.74644e+10
7.6924e+10
7.63872e+10
7.58541e+10
7.53247e+10
7.47989e+10
7.42766e+10
7.37579e+10
7.32428e+10
7.27312e+10
7.2223e+10
7.17183e+10
7.12171e+10
7.07193e+10
7.02249e+10
6.97338e+10
6.92461e+10
6.87617e+10
6.82806e+10
6.78028e+10
6.73283e+10
6.6857e+10
6.63888e+10
6.59239e+10
6.54621e+10
6.50035e+10
6.4548e+10
6.40956e+10
6.36462e+10
6.32e+10
6.27567e+10
6.23165e+10
6.18792e+10
6.14449e+10
6.10136e+10
6.05852e+10
6.01597e+10
5.97371e+10
5.93173e+10
5.89004e+10
5.84864e+10
5.80751e+10
5.76666e+10
5.72609e+10
5.68579e+10
5.64577e+10
5.60602e+10
5.56653e+10
5.52732e+10
5.48837e+10
5.44968e+10
5.41125e+10
5.37308e+10
5.33517e+10
5.29752e+10
5.26012e+10
5.22297e+10
5.18608e+10
5.14943e+10
5.11303e+10
5.07688e+10
5.04096e+10
5.00529e+10
4.96987e+10
4.93467e+10
4.89972e+10
4.865e+10
4.83052e+10
4.79626e+10
4.76224e+10
4.72844e+10
4.69487e+10
4.66153e+10
4.62841e+10
4.59551e+10
4.56284e+10
4.53038e+10
4.49814e+10
4.46611e+10
4.4343e+10
4.40271e+10
4.37132e+10
4.34014e+10
4.30917e+10
4.27841e+10
4.24786e+10
4.2175e+10
4.18735e+10
4.1574e+10
4.12765e+10
4.0981e+10
4.06875e+10
4.03959e+10
4.01062e+10
3.98185e+10
3.95326e+10
3.92487e+10
3.89667e+10
3.86865e+10
3.84082e+10
3.81317e+10
3.7857e+10
3.75842e+10
3.73132e+10
3.70439e+10
3.67765e+10
3.65108e+10
3.62468e+10
3.59846e+10
3.57242e+10
3.54654e+10
3.52083e+10
3.4953e+10
3.46993e+10
3.44472e+10
3.41969e+10
3.39481e+10
3.3701e+10
3.34555e+10
3.32116e+10
3.29693e+10
3.27286e+10
3.24895e+10
3.22519e+10
3.20159e+10
3.17814e+10
3.15484e+10
3.13169e+10
3.1087e+10
3.08585e+10
3.06315e+10
3.0406e+10
3.0182e+10
2.99593e+10
2.97382e+10
2.95184e+10
2.93001e+10
2.90832e+10
2.88677e+10
2.86535e+10
2.84407e+10
2.82293e+10
2.80193e+10
2.78106e+10
2.76032e+10
2.73972e+10
2.71925e+10
2.6989e+10
2.67869e+10
2.65861e+10
2.63865e+10
2.61882e+10
2.59911e+10
2.57953e+10
2.56008e+10
2.54074e+10
2.52153e+10
2.50244e+10
2.48347e+10
2.46462e+10
2.44589e+10
2.42727e+10
2.40877e+10
2.39039e+10
2.37212e+10
2.35397e+10
2.33592e+10
2.31799e+10
2.30017e+10
2.28247e+10
2.26487e+10
2.24738e+10
2.22999e+10
2.21272e+10
2.19555e+10
2.17849e+10
2.16153e+10
2.14467e+10
2.12792e+10
2.11127e+10
2.09472e+10
2.07827e+10
2.06192e+10
2.04567e+10
2.02952e+10
2.01346e+10
1.9975e+10
1.98164e+10
1.96587e+10
1.9502e+10
1.93462e+10
1.91914e+10
1.90374e+10
1.88844e+10
1.87323e+10
1.8581e+10
1.84307e+10
1.82813e+10
1.81327e+10
1.7985e+10
1.78381e+10
1.76922e+10
1.7547e+10
1.74027e+10
1.72593e+10
1.71166e+10
1.69748e+10
1.68338e+10
1.66937e+10
1.65543e+10
1.64157e+10
1.62779e+10
1.61408e+10
1.60046e+10
1.58691e+10
1.57344e+10
1.56004e+10
1.54672e+10
1.53347e+10
1.5203e+10
1.5072e+10
1.49417e+10
1.48122e+10
1.46833e+10
1.45551e+10
1.44277e+10
1.43009e+10
1.41749e+10
1.40495e+10
1.39247e+10
1.38007e+10
1.36773e+10
1.35546e+10
1.34325e+10
1.3311e+10
1.31902e+10
1.30701e+10
1.29505e+10
1.28316e+10
1.27133e+10
1.25956e+10
1.24785e+10
1.2362e+10
1.22461e+10
1.21308e+10
1.20161e+10
1.19019e+10
1.17884e+10
1.16753e+10
1.15629e+10
1.1451e+10
1.13396e+10
1.12288e+10
1.11186e+10
1.10088e+10
1.08996e+10
1.07909e+10
1.06828e+10
1.05751e+10
1.0468e+10
1.03613e+10
1.02552e+10
1.01495e+10
1.00444e+10
9.93967e+09
9.83546e+09
9.73172e+09
9.62846e+09
9.52565e+09
9.4233e+09
9.3214e+09
9.21995e+09
9.11894e+09
9.01837e+09
8.91823e+09
8.81852e+09
8.71923e+09
8.62036e+09
8.52191e+09
8.42386e+09
8.32622e+09
8.22898e+09
8.13213e+09
8.03567e+09
7.9396e+09
7.84391e+09
7.74859e+09
7.65365e+09
7.55907e+09
7.46486e+09
7.371e+09
7.2775e+09
7.18435e+09
7.09154e+09
6.99908e+09
6.90694e+09
6.81514e+09
6.72367e+09
6.63252e+09
6.54169e+09
6.45117e+09
6.36096e+09
6.27106e+09
6.18146e+09
6.09215e+09
6.00314e+09
5.91441e+09
5.82597e+09
5.7378e+09
5.64992e+09
5.5623e+09
5.47495e+09
5.38787e+09
5.30104e+09
5.21446e+09
5.12814e+09
5.04206e+09
4.95623e+09
4.87063e+09
4.78527e+09
4.70013e+09
4.61522e+09
4.53054e+09
4.44607e+09
4.36181e+09
4.27776e+09
4.19392e+09
4.11028e+09
4.02683e+09
3.94358e+09
3.86052e+09
3.77765e+09
3.69495e+09
3.61243e+09
3.53009e+09
3.44792e+09
3.36591e+09
3.28406e+09
3.20237e+09
3.12083e+09
3.03944e+09
2.9582e+09
2.8771e+09
2.79614e+09
2.71532e+09
2.63462e+09
2.55405e+09
2.4736e+09
2.39327e+09
2.31306e+09
2.23296e+09
2.15296e+09
2.07307e+09
1.99327e+09
1.91358e+09
1.83397e+09
1.75445e+09
1.67502e+09
1.59566e+09
1.51639e+09
1.43718e+09
1.35805e+09
1.27898e+09
1.19997e+09
1.12102e+09
1.04212e+09
9.63276e+08
8.84475e+08
8.05716e+08
7.26997e+08
6.48312e+08
5.69658e+08
4.91031e+08
4.12428e+08
3.33845e+08
2.55278e+08
1.76723e+08
9.81768e+07
1.96351e+07
-5.89056e+07
-1.37449e+08
-2.15999e+08
-2.9456e+08
-3.73135e+08
-4.51727e+08
-5.30341e+08
-6.08981e+08
-6.8765e+08
-7.66352e+08
-8.4509e+08
-9.2387e+08
-1.00269e+09
-1.08156e+09
-1.16049e+09
-1.23947e+09
-1.31851e+09
-1.39761e+09
-1.47678e+09
-1.55602e+09
-1.63533e+09
-1.71472e+09
-1.7942e+09
-1.87376e+09
-1.95341e+09
-2.03316e+09
-2.113e+09
-2.19294e+09
-2.27299e+09
-2.35315e+09
-2.43342e+09
-2.51381e+09
-2.59432e+09
-2.67495e+09
-2.75571e+09
-2.83661e+09
-2.91764e+09
-2.99881e+09
-3.08012e+09
-3.16158e+09
-3.24319e+09
-3.32496e+09
-3.40689e+09
-3.48898e+09
-3.57124e+09
-3.65367e+09
-3.73628e+09
-3.81906e+09
-3.90203e+09
-3.98519e+09
-4.06853e+09
-4.15207e+09
-4.23582e+09
-4.31976e+09
-4.40391e+09
-4.48827e+09
-4.57285e+09
-4.65765e+09
-4.74267e+09
-4.82792e+09
-4.9134e+09
-4.99912e+09
-5.08507e+09
-5.17127e+09
-5.25772e+09
-5.34442e+09
-5.43138e+09
-5.51859e+09
-5.60608e+09
-5.69383e+09
-5.78185e+09
-5.87015e+09
-5.95874e+09
-6.04761e+09
-6.13677e+09
-6.22622e+09
-6.31597e+09
-6.40603e+09
-6.49639e+09
-6.58707e+09
-6.67806e+09
-6.76937e+09
-6.861e+09
-6.95297e+09
-7.04527e+09
-7.1379e+09
-7.23088e+09
-7.32421e+09
-7.41789e+09
-7.51192e+09
-7.60631e+09
-7.70107e+09
-7.7962e+09
-7.8917e+09
-7.98759e+09
-8.08385e+09
-8.1805e+09
-8.27755e+09
-8.37499e+09
-8.47283e+09
-8.57108e+09
-8.66975e+09
-8.76882e+09
-8.86832e+09
-8.96825e+09
-9.0686e+09
-9.16939e+09
-9.27062e+09
-9.37229e+09
-9.47442e+09
-9.57699e+09
-9.68003e+09
-9.78353e+09
-9.88751e+09
-9.99195e+09
-1.00969e+10
-1.02023e+10
-1.03082e+10
-1.04146e+10
-1.05215e+10
-1.06289e+10
-1.07368e+10
-1.08452e+10
-1.09542e+10
-1.10636e+10
-1.11736e+10
-1.12842e+10
-1.13952e+10
-1.15069e+10
-1.1619e+10
-1.17318e+10
-1.18451e+10
-1.19589e+10
-1.20734e+10
-1.21884e+10
-1.2304e+10
-1.24202e+10
-1.2537e+10
-1.26544e+10
-1.27724e+10
-1.2891e+10
-1.30102e+10
-1.31301e+10
-1.32506e+10
-1.33717e+10
-1.34934e+10
-1.36158e+10
-1.37389e+10
-1.38626e+10
-1.3987e+10
-1.41121e+10
-1.42378e+10
-1.43642e+10
-1.44913e+10
-1.46191e+10
-1.47476e+10
-1.48768e+10
-1.50068e+10
-1.51374e+10
-1.52688e+10
-1.54009e+10
-1.55337e+10
-1.56673e+10
-1.58017e+10
-1.59368e+10
-1.60726e+10
-1.62093e+10
-1.63467e+10
-1.64849e+10
-1.66239e+10
-1.67636e+10
-1.69042e+10
-1.70456e+10
-1.71879e+10
-1.73309e+10
-1.74748e+10
-1.76195e+10
-1.7765e+10
-1.79114e+10
-1.80587e+10
-1.82069e+10
-1.83559e+10
-1.85058e+10
-1.86565e+10
-1.88082e+10
-1.89608e+10
-1.91143e+10
-1.92687e+10
-1.9424e+10
-1.95803e+10
-1.97375e+10
-1.98956e+10
-2.00547e+10
-2.02148e+10
-2.03758e+10
-2.05378e+10
-2.07008e+10
-2.08648e+10
-2.10298e+10
-2.11958e+10
-2.13628e+10
-2.15309e+10
-2.16999e+10
-2.187e+10
-2.20412e+10
-2.22134e+10
-2.23867e+10
-2.25611e+10
-2.27365e+10
-2.29131e+10
-2.30907e+10
-2.32694e+10
-2.34493e+10
-2.36303e+10
-2.38124e+10
-2.39957e+10
-2.41801e+10
-2.43656e+10
-2.45524e+10
-2.47403e+10
-2.49294e+10
-2.51197e+10
-2.53112e+10
-2.5504e+10
-2.56979e+10
-2.58931e+10
-2.60895e+10
-2.62872e+10
-2.64861e+10
-2.66863e+10
-2.68878e+10
-2.70906e+10
-2.72947e+10
-2.75e+10
-2.77067e+10
-2.79148e+10
-2.81242e+10
-2.83349e+10
-2.8547e+10
-2.87604e+10
-2.89752e+10
-2.91915e+10
-2.94091e+10
-2.96281e+10
-2.98486e+10
-3.00705e+10
-3.02938e+10
-3.05186e+10
-3.07448e+10
-3.09726e+10
-3.12018e+10
-3.14325e+10
-3.16647e+10
-3.18984e+10
-3.21337e+10
-3.23705e+10
-3.26089e+10
-3.28488e+10
-3.30903e+10
-3.33334e+10
-3.35781e+10
-3.38244e+10
-3.40723e+10
-3.43218e+10
-3.4573e+10
-3.48259e+10
-3.50804e+10
-3.53367e+10
-3.55946e+10
-3.58542e+10
-3.61155e+10
-3.63786e+10
-3.66434e+10
-3.691e+10
-3.71783e+10
-3.74485e+10
-3.77204e+10
-3.79941e+10
-3.82697e+10
-3.85471e+10
-3.88264e+10
-3.91075e+10
-3.93904e+10
-3.96753e+10
-3.99621e+10
-4.02508e+10
-4.05414e+10
-4.0834e+10
-4.11285e+10
-4.1425e+10
-4.17235e+10
-4.2024e+10
-4.23265e+10
-4.26311e+10
-4.29377e+10
-4.32463e+10
-4.35571e+10
-4.38699e+10
-4.41848e+10
-4.45018e+10
-4.4821e+10
-4.51423e+10
-4.54658e+10
-4.57915e+10
-4.61194e+10
-4.64494e+10
-4.67817e+10
-4.71163e+10
-4.74531e+10
-4.77922e+10
-4.81336e+10
-4.84773e+10
-4.88233e+10
-4.91717e+10
-4.95224e+10
-4.98755e+10
-5.0231e+10
-5.05889e+10
-5.09492e+10
-5.1312e+10
-5.16772e+10
-5.20449e+10
-5.24152e+10
-5.27879e+10
-5.31632e+10
-5.3541e+10
-5.39213e+10
-5.43043e+10
-5.46899e+10
-5.50781e+10
-5.54689e+10
-5.58624e+10
-5.62586e+10
-5.66575e+10
-5.70591e+10
-5.74634e+10
-5.78705e+10
-5.82804e+10
-5.86931e+10
-5.91085e+10
-5.95269e+10
-5.9948e+10
-6.03721e+10
-6.0799e+10
-6.12289e+10
-6.16617e+10
-6.20975e+10
-6.25362e+10
-6.2978e+10
-6.34227e+10
-6.38705e+10
-6.43214e+10
-6.47754e+10
-6.52324e+10
-6.56926e+10
-6.6156e+10
-6.66225e+10
-6.70922e+10
-6.75651e+10
-6.80413e+10
-6.85208e+10
-6.90035e+10
-6.94895e+10
-6.99789e+10
-7.04717e+10
-7.09678e+10
-7.14673e+10
-7.19703e+10
-7.24767e+10
-7.29865e+10
-7.34999e+10
-7.40168e+10
-7.45373e+10
-7.50613e+10
-7.5589e+10
-7.61202e+10
-7.66551e+10
-7.71937e+10
-7.7736e+10
-7.82821e+10
-7.88319e+10
-7.93854e+10
-7.99428e+10
-8.0504e+10
-8.10691e+10
-8.16381e+10
-8.22109e+10
-8.27878e+10
-8.33686e+10
-8.39534e+10
-8.45422e+10
-8.51351e+10
-8.5732e+10
-8.63331e+10
-8.69384e+10
-8.75477e+10
-8.81613e+10
-8.87792e+10
-8.94013e+10
-9.00276e+10
-9.06583e+10
-9.12934e+10
-9.19328e+10
-9.25766e+10
-9.32249e+10
-9.38777e+10
-9.45349e+10
-9.51967e+10
-9.58631e+10
-9.6534e+10
-9.72096e+10
-9.78899e+10
-9.85748e+10
-9.92645e+10
-9.9959e+10
-1.00658e+11
-1.01362e+11
-1.02071e+11
-1.02785e+11
-1.03504e+11
-1.04228e+11
-1.04956e+11
-1.0569e+11
-1.06429e+11
-1.07173e+11
-1.07922e+11
-1.08676e+11
-1.09436e+11
-1.102e+11
-1.1097e+11
-1.11746e+11
-1.12526e+11
-1.13313e+11
-1.14104e+11
-1.14901e+11
-1.15704e+11
-1.16512e+11
-1.17325e+11
-1.18145e+11
-1.1897e+11
-1.198e+11
-1.20637e+11
-1.21479e+11
-1.22327e+11
-1.23181e+11
-1.24041e+11
-1.24906e+11
-1.25778e+11
-1.26656e+11
-1.2754e+11
-1.2843e+11
-1.29326e+11
-1.30228e+11
-1.31137e+11
-1.32052e+11
-1.32973e+11
-1.33901e+11
-1.34835e+11
-1.35775e+11
-1.36722e+11
-1.37676e+11
-1.38636e+11
-1.39603e+11
-1.40577e+11
-1.41557e+11
-1.42544e+11
-1.43538e+11
-1.44539e+11
-1.45546e+11
-1.46561e+11
-1.47583e+11
-1.48612e+11
-1.49648e+11
-1.50691e+11
-1.51741e+11
-1.52799e+11
-1.53864e+11
-1.54936e+11
-1.56016e+11
-1.57103e+11
-1.58198e+11
-1.59301e+11
-1.60411e+11
-1.61528e+11
-1.62654e+11
-1.63787e+11
-1.64928e+11
-1.66078e+11
-1.67235e+11
-1.684e+11
-1.69573e+11
-1.70754e+11
-1.71944e+11
-1.73141e+11
-1.74347e+11
-1.75562e+11
-1.76785e+11
-1.78016e+11
-1.79256e+11
-1.80504e+11
-1.81761e+11
-1.83027e+11
-1.84302e+11
-1.85585e+11
-1.86878e+11
-1.88179e+11
-1.89489e+11
-1.90809e+11
-1.92138e+11
-1.93475e+11
-1.94822e+11
-1.96179e+11
-1.97545e+11
-1.9892e+11
-2.00305e+11
-2.017e+11
-2.03104e+11
-2.04518e+11
-2.05941e+11
-2.07375e+11
-2.08819e+11
-2.10272e+11
-2.11736e+11
-2.1321e+11
-2.14694e+11
-2.16188e+11
-2.17693e+11
-2.19208e+11
-2.20734e+11
-2.2227e+11
-2.23817e+11
-2.25375e+11
-2.26943e+11
-2.28523e+11
-2.30113e+11
-2.31715e+11
-2.33327e+11
-2.34951e+11
-2.36586e+11
-2.38232e+11
-2.3989e+11
-2.41559e+11
-2.4324e+11
-2.44933e+11
-2.46637e+11
-2.48353e+11
-2.50081e+11
-2.51821e+11
-2.53573e+11
-2.55338e+11
-2.57114e+11
-2.58903e+11
-2.60705e+11
-2.62518e+11
-2.64345e+11
-2.66184e+11
-2.68036e+11
-2.69901e+11
-2.71778e+11
-2.73669e+11
-2.75573e+11
-2.7749e+11
-2.7942e+11
-2.81364e+11
-2.83321e+11
-2.85292e+11
-2.87277e+11
-2.89275e+11
-2.91287e+11
-2.93314e+11
-2.95354e+11
-2.97408e+11
-2.99477e+11
-3.0156e+11
-3.03658e+11
-3.0577e+11
-3.07897e+11
-3.10038e+11
-3.12195e+11
-3.14366e+11
-3.16553e+11
-3.18755e+11
-3.20972e+11
-3.23204e+11
-3.25452e+11
-3.27715e+11
-3.29995e+11
-3.3229e+11
-3.34601e+11
-3.36928e+11
-3.39271e+11
-3.41631e+11
-3.44007e+11
-3.46399e+11
-3.48808e+11
-3.51234e+11
-3.53677e+11
-3.56136e+11
-3.58613e+11
-3.61107e+11
-3.63618e+11
-3.66147e+11
-3.68693e+11
-3.71257e+11
-3.73839e+11
-3.76438e+11
-3.79056e+11
-3.81692e+11
-3.84346e+11
-3.87019e+11
-3.8971e+11
-3.9242e+11
-3.95149e+11
-3.97897e+11
-4.00664e+11
-4.0345e+11
-4.06255e+11
-4.0908e+11
-4.11925e+11
-4.14789e+11
-4.17673e+11
-4.20577e+11
-4.23502e+11
-4.26446e+11
-4.29412e+11
-4.32398e+11
-4.35404e+11
-4.38432e+11
-4.4148e+11
-4.4455e+11
-4.47641e+11
-4.50753e+11
-4.53887e+11
-4.57043e+11
-4.60221e+11
-4.63421e+11
-4.66643e+11
-4.69888e+11
-4.73155e+11
-4.76444e+11
-4.79757e+11
-4.83093e+11
-4.86451e+11
-4.89834e+11
-4.93239e+11
-4.96669e+11
-5.00122e+11
-5.03599e+11
-5.071e+11
-5.10626e+11
-5.14176e+11
-5.17751e+11
-5.21351e+11
-5.24975e+11
-5.28625e+11
-5.323e+11
-5.36001e+11
-5.39728e+11
-5.4348e+11
-5.47259e+11
-5.51063e+11
-5.54894e+11
-5.58752e+11
-5.62637e+11
-5.66548e+11
-5.70487e+11
-5.74453e+11
-5.78447e+11
-5.82469e+11
-5.86518e+11
-5.90595e+11
-5.94701e+11
-5.98836e+11
-6.02999e+11
-6.07191e+11
-6.11412e+11
-6.15663e+11
-6.19943e+11
-6.24253e+11
-6.28593e+11
-6.32963e+11
-6.37363e+11
-6.41794e+11
-6.46256e+11
-6.50748e+11
-6.55272e+11
-6.59828e+11
-6.64415e+11
-6.69034e+11
-6.73685e+11
-6.78368e+11
-6.83084e+11
-6.87832e+11
-6.92614e+11
-6.97429e+11
-7.02277e+11
-7.07159e+11
-7.12075e+11
-7.17026e+11
-7.2201e+11
-7.27029e+11
-7.32083e+11
-7.37173e+11
-7.42297e+11
-7.47457e+11
-7.52654e+11
-7.57886e+11
-7.63154e+11
-7.68459e+11
-7.73801e+11
-7.79181e+11
-7.84597e+11
-7.90051e+11
-7.95543e+11
-8.01074e+11
-8.06642e+11
-8.1225e+11
-8.17896e+11
-8.23582e+11
-8.29307e+11
-8.35072e+11
-8.40877e+11
-8.46722e+11
-8.52608e+11
-8.58535e+11
-8.64503e+11
-8.70513e+11
-8.76564e+11
-8.82657e+11
-8.88793e+11
-8.94971e+11
-9.01193e+11
-9.07457e+11
-9.13765e+11
-9.20117e+11
-9.26513e+11
-9.32954e+11
-9.39439e+11
-9.4597e+11
-9.52545e+11
-9.59167e+11
-9.65834e+11
-9.72548e+11
-9.79309e+11
-9.86116e+11
-9.92971e+11
-9.99873e+11
-1.00682e+12
-1.01382e+12
-1.02087e+12
-1.02797e+12
-1.03511e+12
-1.04231e+12
-1.04955e+12
-1.05685e+12
-1.06419e+12
-1.07159e+12
-1.07904e+12
-1.08654e+12
-1.09409e+12
-1.1017e+12
-1.10936e+12
-1.11707e+12
-1.12483e+12
-1.13265e+12
-1.14053e+12
-1.14845e+12
-1.15644e+12
-1.16448e+12
-1.17257e+12
-1.18072e+12
-1.18893e+12
-1.19719e+12
-1.20552e+12
-1.2139e+12
-1.22233e+12
-1.23083e+12
-1.23939e+12
-1.248e+12
-1.25668e+12
-1.26541e+12
-1.27421e+12
-1.28306e+12
-1.29198e+12
-1.30096e+12
-1.31001e+12
-1.31911e+12
-1.32828e+12
-1.33751e+12
-1.34681e+12
-1.35617e+12
-1.3656e+12
-1.37509e+12
-1.38465e+12
-1.39428e+12
-1.40397e+12
-1.41373e+12
-1.42355e+12
-1.43345e+12
-1.44341e+12
-1.45345e+12
-1.46355e+12
-1.47372e+12
-1.48397e+12
-1.49428e+12
-1.50467e+12
-1.51513e+12
-1.52566e+12
-1.53626e+12
-1.54694e+12
-1.5577e+12
-1.56852e+12
-1.57943e+12
-1.59041e+12
-1.60146e+12
-1.61259e+12
-1.6238e+12
-1.63509e+12
-1.64645e+12
-1.6579e+12
-1.66942e+12
-1.68103e+12
-1.69271e+12
-1.70448e+12
-1.71633e+12
-1.72826e+12
-1.74027e+12
-1.75237e+12
-1.76455e+12
-1.77681e+12
-1.78916e+12
-1.8016e+12
-1.81412e+12
-1.82673e+12
-1.83943e+12
-1.85221e+12
-1.86509e+12
-1.87805e+12
-1.89111e+12
-1.90425e+12
-1.91749e+12
-1.93082e+12
-1.94424e+12
-1.95775e+12
-1.97136e+12
-1.98506e+12
-1.99886e+12
-2.01276e+12
-2.02675e+12
-2.04083e+12
-2.05502e+12
-2.0693e+12
-2.08369e+12
-2.09817e+12
-2.11276e+12
-2.12744e+12
-2.14223e+12
-2.15712e+12
-2.17211e+12
-2.18721e+12
-2.20242e+12
-2.21772e+12
-2.23314e+12
-2.24866e+12
-2.26429e+12
-2.28003e+12
-2.29588e+12
-2.31184e+12
-2.32791e+12
-2.34409e+12
-2.36038e+12
-2.37679e+12
-2.39331e+12
-2.40995e+12
-2.4267e+12
-2.44356e+12
-2.46055e+12
-2.47765e+12
-2.49487e+12
-2.51221e+12
-2.52968e+12
-2.54726e+12
-2.56496e+12
-2.58279e+12
-2.60074e+12
-2.61882e+12
-2.63702e+12
-2.65535e+12
-2.67381e+12
-2.69239e+12
-2.7111e+12
-2.72994e+12
-2.74892e+12
-2.76802e+12
-2.78725e+12
-2.80662e+12
-2.82613e+12
-2.84576e+12
-2.86553e+12
-2.88544e+12
-2.90548e+12
-2.92567e+12
-2.94598e+12
-2.96644e+12
-2.98704e+12
-3.00777e+12
-3.02865e+12
-3.04967e+12
-3.07082e+12
-3.09212e+12
-3.11356e+12
-3.13514e+12
-3.15685e+12
-3.17871e+12
-3.20071e+12
-3.22285e+12
-3.24512e+12
-3.26753e+12
-3.29008e+12
-3.31276e+12
-3.33557e+12
-3.35851e+12
-3.38158e+12
-3.40477e+12
-3.42807e+12
-3.4515e+12
-3.47503e+12
-3.49867e+12
-3.5224e+12
-3.54623e+12
-3.57014e+12
-3.59412e+12
-3.61817e+12
-3.64228e+12
-3.66642e+12
-3.6906e+12
-3.71479e+12
-3.73899e+12
-3.76317e+12
-3.78731e+12
-3.8114e+12
-3.83541e+12
-3.85932e+12
-3.8831e+12
-3.90673e+12
-3.93017e+12
-3.9534e+12
-3.97638e+12
-3.99906e+12
-4.02142e+12
-4.04341e+12
-4.06499e+12
-4.0861e+12
-4.1067e+12
-4.12672e+12
-4.14613e+12
-4.16485e+12
-4.18282e+12
-4.19997e+12
-4.21624e+12
-4.23156e+12
-4.24584e+12
-4.25901e+12
-4.27098e+12
-4.28168e+12
-4.29101e+12
-4.29888e+12
-4.3052e+12
-4.30987e+12
-4.31279e+12
-4.31387e+12
-4.313e+12
-4.31008e+12
-4.305e+12
-4.29766e+12
-4.28795e+12
-4.27577e+12
-4.261e+12
-4.24355e+12
-4.2233e+12
-4.20017e+12
-4.17404e+12
-4.14481e+12
-4.1124e+12
-4.07671e+12
-4.03765e+12
-3.99514e+12
-3.9491e+12
-3.89947e+12
-3.84618e+12
-3.78916e+12
-3.72837e+12
-3.66376e+12
-3.59531e+12
-3.52297e+12
-3.44675e+12
-3.36663e+12
-3.28261e+12
-3.19472e+12
-3.10296e+12
-3.00739e+12
-2.90804e+12
-2.80498e+12
-2.69827e+12
-2.58799e+12
-2.47424e+12
-2.35712e+12
-2.23675e+12
-2.11325e+12
-1.98676e+12
-1.85742e+12
-1.72539e+12
-1.59085e+12
-1.45396e+12
-1.31491e+12
-1.17389e+12
-1.0311e+12
-8.86744e+11
-7.41041e+11
-5.94205e+11
-4.46456e+11
-2.98021e+11
-1.49125e+11
-0.109622
