4096 1 1
3.1652e-10 3.1652e-10 3.1652e-10
6.10832
6.10777
6.10613
6.10339
6.09957
6.09466
6.08868
6.08163
6.07352
6.06438
6.0542
6.04301
6.03082
6.01765
6.00352
5.98845
5.97246
5.95558
5.93782
5.91921
5.89978
5.87956
5.85856
5.83682
5.81436
5.79121
5.7674
5.74297
5.71792
5.69231
5.66614
5.63946
5.61229
5.58466
5.5566
5.52813
5.49929
5.47009
5.44056
5.41074
5.38064
5.3503
5.31972
5.28894
5.25798
5.22687
5.19561
5.16423
5.13276
5.10121
5.06959
5.03793
5.00623
4.97453
4.94282
4.91113
4.87947
4.84785
4.81628
4.78477
4.75334
4.72199
4.69073
4.65958
4.62853
4.5976
4.56679
4.53611
4.50557
4.47517
4.44491
4.4148
4.38484
4.35504
4.3254
4.29593
4.26661
4.23747
4.2085
4.1797
4.15107
4.12261
4.09434
4.06623
4.03831
4.01056
3.98299
3.95559
3.92838
3.90134
3.87448
3.8478
3.82129
3.79496
3.76881
3.74283
3.71703
3.6914
3.66594
3.64066
3.61555
3.59061
3.56584
3.54124
3.5168
3.49254
3.46844
3.4445
3.42073
3.39713
3.37368
3.3504
3.32727
3.30431
3.2815
3.25885
3.23636
3.21402
3.19184
3.16981
3.14793
3.1262
3.10462
3.08319
3.06191
3.04077
3.01978
2.99894
2.97824
2.95768
2.93726
2.91699
2.89685
2.87686
2.857
2.83728
2.81769
2.79824
2.77893
2.75974
2.74069
2.72177
2.70299
2.68433
2.6658
2.6474
2.62912
2.61098
2.59295
2.57505
2.55728
2.53963
2.5221
2.50469
2.4874
2.47023
2.45318
2.43624
2.41942
2.40272
2.38614
2.36967
2.35331
2.33707
2.32093
2.30491
2.289
2.2732
2.25751
2.24193
2.22645
2.21108
2.19582
2.18066
2.16561
2.15066
2.13582
2.12107
2.10643
2.09189
2.07745
2.06311
2.04887
2.03473
2.02068
2.00673
1.99288
1.97913
1.96546
1.9519
1.93842
1.92504
1.91176
1.89856
1.88545
1.87244
1.85951
1.84668
1.83393
1.82127
1.8087
1.79622
1.78382
1.7715
1.75928
1.74713
1.73507
1.7231
1.7112
1.69939
1.68766
1.67601
1.66444
1.65295
1.64154
1.63021
1.61896
1.60778
1.59668
1.58566
1.57472
1.56385
1.55305
1.54233
1.53169
1.52111
1.51061
1.50019
1.48983
1.47955
1.46934
1.45919
1.44912
1.43912
1.42918
1.41932
1.40952
1.39979
1.39013
1.38054
1.37101
1.36154
1.35214
1.34281
1.33354
1.32434
1.3152
1.30612
1.2971
1.28815
1.27926
1.27043
1.26166
1.25295
1.2443
1.23571
1.22718
1.21871
1.2103
1.20195
1.19365
1.18541
1.17723
1.1691
1.16103
1.15302
1.14506
1.13716
1.12931
1.12151
1.11377
1.10608
1.09845
1.09087
1.08334
1.07586
1.06843
1.06106
1.05373
1.04646
1.03924
1.03206
1.02494
1.01787
1.01084
1.00386
0.996934
0.990052
0.983219
0.976432
0.969692
0.962999
0.956352
0.949751
0.943196
0.936686
0.93022
0.9238
0.917423
0.911091
0.904802
0.898557
0.892355
0.886196
0.880079
0.874005
0.867972
0.861981
0.856032
0.850123
0.844255
0.838428
0.832641
0.826894
0.821187
0.815519
0.80989
0.8043
0.798749
0.793236
0.787761
0.782324
0.776924
0.771562
0.766236
0.760948
0.755696
0.75048
0.7453
0.740156
0.735048
0.729974
0.724936
0.719933
0.714964
0.710029
0.705129
0.700262
0.695429
0.690629
0.685862
0.681129
0.676428
0.671759
0.667123
0.662519
0.657946
0.653405
0.648895
0.644417
0.639969
0.635553
0.631166
0.62681
0.622484
0.618188
0.613922
0.609685
0.605477
0.601298
0.597148
0.593027
0.588934
0.58487
0.580833
0.576825
0.572844
0.568891
0.564965
0.561066
0.557193
0.553348
0.549529
0.545737
0.541971
0.53823
0.534516
0.530827
0.527164
0.523526
0.519913
0.516325
0.512762
0.509224
0.505709
0.50222
0.498754
0.495312
0.491894
0.488499
0.485128
0.481781
0.478456
0.475154
0.471875
0.468619
0.465385
0.462174
0.458985
0.455818
0.452672
0.449549
0.446447
0.443366
0.440307
0.437268
0.434251
0.431255
0.428279
0.425324
0.422389
0.419474
0.41658
0.413706
0.410851
0.408016
0.405201
0.402405
0.399629
0.396871
0.394133
0.391414
0.388713
0.386031
0.383368
0.380723
0.378096
0.375487
0.372897
0.370324
0.367769
0.365232
0.362712
0.36021
0.357725
0.355257
0.352806
0.350372
0.347955
0.345554
0.34317
0.340803
0.338452
0.336117
0.333798
0.331496
0.329209
0.326938
0.324683
0.322443
0.320219
0.31801
0.315816
0.313638
0.311474
0.309326
0.307192
0.305074
0.302969
0.30088
0.298804
0.296743
0.294697
0.292664
0.290646
0.288641
0.28665
0.284673
0.28271
0.28076
0.278824
0.276901
0.274992
0.273095
0.271212
0.269342
0.267484
0.26564
0.263808
0.261989
0.260182
0.258388
0.256606
0.254837
0.25308
0.251335
0.249602
0.247881
0.246172
0.244475
0.242789
0.241115
0.239453
0.237802
0.236163
0.234535
0.232918
0.231312
0.229718
0.228134
0.226562
0.225
0.223449
0.221909
0.220379
0.21886
0.217352
0.215854
0.214366
0.212889
0.211421
0.209964
0.208517
0.20708
0.205653
0.204236
0.202829
0.201431
0.200043
0.198665
0.197296
0.195937
0.194587
0.193246
0.191915
0.190593
0.18928
0.187976
0.186681
0.185395
0.184118
0.18285
0.18159
0.180339
0.179097
0.177864
0.176639
0.175422
0.174214
0.173015
0.171823
0.17064
0.169465
0.168298
0.16714
0.165989
0.164846
0.163711
0.162584
0.161465
0.160354
0.15925
0.158154
0.157065
0.155984
0.154911
0.153845
0.152786
0.151734
0.15069
0.149653
0.148624
0.147601
0.146586
0.145577
0.144576
0.143581
0.142594
0.141613
0.140639
0.139672
0.138711
0.137757
0.13681
0.135869
0.134935
0.134007
0.133086
0.132171
0.131263
0.13036
0.129464
0.128575
0.127691
0.126813
0.125942
0.125077
0.124217
0.123364
0.122516
0.121675
0.120839
0.120009
0.119185
0.118366
0.117554
0.116746
0.115945
0.115149
0.114358
0.113573
0.112794
0.11202
0.111251
0.110487
0.109729
0.108976
0.108229
0.107486
0.106749
0.106017
0.10529
0.104568
0.103851
0.103139
0.102432
0.101729
0.101032
0.10034
0.0996521
0.0989693
0.0982912
0.0976178
0.0969492
0.0962851
0.0956257
0.0949709
0.0943206
0.0936749
0.0930336
0.0923968
0.0917645
0.0911365
0.0905129
0.0898937
0.0892788
0.0886681
0.0880618
0.0874596
0.0868616
0.0862678
0.0856782
0.0850926
0.0845112
0.0839338
0.0833604
0.082791
0.0822256
0.0816641
0.0811066
0.0805529
0.0800032
0.0794572
0.0789151
0.0783767
0.0778421
0.0773113
0.0767841
0.0762607
0.0757409
0.0752247
0.0747121
0.0742032
0.0736978
0.0731959
0.0726975
0.0722026
0.0717112
0.0712233
0.0707387
0.0702575
0.0697798
0.0693053
0.0688342
0.0683664
0.0679018
0.0674406
0.0669825
0.0665277
0.0660761
0.0656276
0.0651823
0.0647401
0.064301
0.063865
0.0634321
0.0630022
0.0625754
0.0621515
0.0617306
0.0613127
0.0608977
0.0604857
0.0600765
0.0596702
0.0592668
0.0588663
0.0584685
0.0580736
0.0576815
0.0572921
0.0569054
0.0565215
0.0561404
0.0557619
0.055386
0.0550129
0.0546424
0.0542745
0.0539092
0.0535465
0.0531863
0.0528287
0.0524737
0.0521211
0.0517711
0.0514236
0.0510785
0.0507358
0.0503956
0.0500579
0.0497225
0.0493895
0.0490589
0.0487306
0.0484047
0.0480811
0.0477598
0.0474408
0.047124
0.0468095
0.0464973
0.0461873
0.0458795
0.045574
0.0452706
0.0449694
0.0446703
0.0443734
0.0440786
0.0437859
0.0434953
0.0432069
0.0429204
0.0426361
0.0423538
0.0420735
0.0417952
0.041519
0.0412447
0.0409725
0.0407021
0.0404338
0.0401674
0.0399029
0.0396403
0.0393796
0.0391208
0.0388639
0.0386089
0.0383557
0.0381043
0.0378548
0.0376071
0.0373612
0.0371171
0.0368747
0.0366342
0.0363954
0.0361583
0.035923
0.0356894
0.0354575
0.0352273
0.0349988
0.034772
0.0345468
0.0343233
0.0341015
0.0338813
0.0336627
0.0334457
0.0332304
0.0330166
0.0328044
0.0325938
0.0323848
0.0321773
0.0319713
0.0317669
0.031564
0.0313627
0.0311628
0.0309644
0.0307675
0.0305721
0.0303782
0.0301857
0.0299946
0.029805
0.0296169
0.0294301
0.0292448
0.0290608
0.0288783
0.0286971
0.0285174
0.028339
0.0281619
0.0279862
0.0278119
0.0276388
0.0274671
0.0272968
0.0271277
0.0269599
0.0267935
0.0266283
0.0264644
0.0263017
0.0261403
0.0259802
0.0258213
0.0256637
0.0255073
0.0253521
0.0251981
0.0250454
0.0248938
0.0247435
0.0245943
0.0244463
0.0242995
0.0241538
0.0240093
0.023866
0.0237238
0.0235827
0.0234428
0.023304
0.0231663
0.0230297
0.0228943
0.0227599
0.0226266
0.0224944
0.0223633
0.0222333
0.0221043
0.0219764
0.0218495
0.0217237
0.0215989
0.0214752
0.0213525
0.0212308
0.0211102
0.0209905
0.0208719
0.0207543
0.0206376
0.020522
0.0204073
0.0202936
0.0201809
0.0200691
0.0199584
0.0198485
0.0197397
0.0196317
0.0195248
0.0194187
0.0193136
0.0192094
0.0191061
0.0190038
0.0189024
0.0188018
0.0187022
0.0186035
0.0185056
0.0184087
0.0183126
0.0182174
0.0181231
0.0180297
0.0179371
0.0178454
0.0177545
0.0176645
0.0175753
0.017487
0.0173995
0.0173129
0.0172271
0.0171421
0.0170579
0.0169745
0.016892
0.0168103
0.0167294
0.0166493
0.0165699
0.0164914
0.0164137
0.0163368
0.0162606
0.0161852
0.0161106
0.0160368
0.0159637
0.0158914
0.0158199
0.0157491
0.0156791
0.0156099
0.0155413
0.0154736
0.0154065
0.0153403
0.0152747
0.0152099
0.0151458
0.0150824
0.0150198
0.0149579
0.0148967
0.0148362
0.0147764
0.0147174
0.014659
0.0146014
0.0145444
0.0144881
0.0144326
0.0143777
0.0143235
0.01427
0.0142172
0.0141651
0.0141137
0.0140629
0.0140128
0.0139634
0.0139146
0.0138666
0.0138191
0.0137724
0.0137263
0.0136809
0.0136361
0.0135919
0.0135485
0.0135057
0.0134635
0.013422
0.0133811
0.0133408
0.0133012
0.0132623
0.0132239
0.0131862
0.0131492
0.0131128
0.013077
0.0130418
0.0130072
0.0129733
0.01294
0.0129073
0.0128753
0.0128438
0.012813
0.0127828
0.0127532
0.0127242
0.0126958
0.0126681
0.0126409
0.0126144
0.0125884
0.0125631
0.0125383
0.0125142
0.0124906
0.0124677
0.0124454
0.0124236
0.0124025
0.0123819
0.012362
0.0123426
0.0123238
0.0123056
0.0122881
0.0122711
0.0122546
0.0122388
0.0122236
0.0122089
0.0121949
0.0121814
0.0121685
0.0121562
0.0121444
0.0121333
0.0121227
0.0121128
0.0121034
0.0120945
0.0120863
0.0120786
0.0120716
0.0120651
0.0120591
0.0120538
0.012049
0.0120448
0.0120412
0.0120382
0.0120357
0.0120339
0.0120326
0.0120318
0.0120317
0.0120321
0.0120331
0.0120347
0.0120369
0.0120396
0.012043
0.0120469
0.0120513
0.0120564
0.012062
0.0120682
0.012075
0.0120824
0.0120903
0.0120989
0.012108
0.0121177
0.0121279
0.0121388
0.0121502
0.0121623
0.0121749
0.012188
0.0122018
0.0122162
0.0122311
0.0122467
0.0122628
0.0122795
0.0122968
0.0123147
0.0123331
0.0123522
0.0123719
0.0123921
0.012413
0.0124344
0.0124565
0.0124791
0.0125023
0.0125262
0.0125506
0.0125757
0.0126013
0.0126276
0.0126544
0.0126819
0.0127099
0.0127386
0.0127679
0.0127978
0.0128283
0.0128595
0.0128912
0.0129236
0.0129566
0.0129902
0.0130244
0.0130593
0.0130948
0.0131309
0.0131676
0.013205
0.013243
0.0132817
0.0133209
0.0133609
0.0134014
0.0134426
0.0134845
0.013527
0.0135701
0.0136139
0.0136584
0.0137035
0.0137493
0.0137957
0.0138428
0.0138905
0.0139389
0.013988
0.0140378
0.0140882
0.0141393
0.0141911
0.0142436
0.0142967
0.0143505
0.0144051
0.0144603
0.0145162
0.0145728
0.0146301
0.0146881
0.0147468
0.0148062
0.0148664
0.0149272
0.0149888
0.015051
0.015114
0.0151778
0.0152422
0.0153074
0.0153733
0.01544
0.0155074
0.0155755
0.0156444
0.015714
0.0157844
0.0158556
0.0159275
0.0160002
0.0160736
0.0161478
0.0162228
0.0162986
0.0163751
0.0164525
0.0165306
0.0166095
0.0166892
0.0167697
0.016851
0.0169332
0.0170161
0.0170999
0.0171845
0.0172699
0.0173561
0.0174432
0.0175311
0.0176198
0.0177094
0.0177998
0.0178911
0.0179833
0.0180763
0.0181702
0.0182649
0.0183605
0.018457
0.0185544
0.0186527
0.0187519
0.018852
0.018953
0.0190549
0.0191577
0.0192614
0.019366
0.0194716
0.0195781
0.0196856
0.019794
0.0199033
0.0200136
0.0201249
0.0202371
0.0203503
0.0204645
0.0205797
0.0206958
0.0208129
0.0209311
0.0210502
0.0211704
0.0212915
0.0214137
0.0215369
0.0216612
0.0217865
0.0219128
0.0220402
0.0221687
0.0222982
0.0224287
0.0225604
0.0226931
0.0228269
0.0229619
0.0230979
0.023235
0.0233733
0.0235126
0.0236531
0.0237948
0.0239375
0.0240814
0.0242265
0.0243728
0.0245202
0.0246687
0.0248185
0.0249695
0.0251216
0.025275
0.0254296
0.0255853
0.0257424
0.0259006
0.0260601
0.0262209
0.0263829
0.0265462
0.0267107
0.0268765
0.0270436
0.0272121
0.0273818
0.0275528
0.0277252
0.0278989
0.0280739
0.0282503
0.028428
0.0286071
0.0287876
0.0289694
0.0291526
0.0293373
0.0295233
0.0297108
0.0298997
0.03009
0.0302817
0.030475
0.0306696
0.0308658
0.0310634
0.0312625
0.0314632
0.0316653
0.0318689
0.0320741
0.0322808
0.0324891
0.0326989
0.0329103
0.0331233
0.0333379
0.033554
0.0337718
0.0339912
0.0342122
0.0344349
0.0346592
0.0348852
0.0351128
0.0353422
0.0355732
0.035806
0.0360404
0.0362766
0.0365145
0.0367542
0.0369957
0.0372389
0.0374839
0.0377307
0.0379793
0.0382298
0.038482
0.0387361
0.0389921
0.03925
0.0395097
0.0397713
0.0400349
0.0403003
0.0405677
0.040837
0.0411083
0.0413816
0.0416569
0.0419341
0.0422134
0.0424947
0.042778
0.0430634
0.0433508
0.0436404
0.043932
0.0442257
0.0445216
0.0448196
0.0451197
0.045422
0.0457265
0.0460332
0.046342
0.0466532
0.0469665
0.0472821
0.0476
0.0479201
0.0482426
0.0485673
0.0488944
0.0492239
0.0495557
0.0498899
0.0502265
0.0505654
0.0509069
0.0512507
0.051597
0.0519458
0.0522971
0.0526509
0.0530072
0.0533661
0.0537275
0.0540915
0.0544581
0.0548273
0.0551991
0.0555736
0.0559508
0.0563306
0.0567132
0.0570984
0.0574864
0.0578772
0.0582707
0.0586671
0.0590662
0.0594682
0.059873
0.0602807
0.0606913
0.0611048
0.0615213
0.0619407
0.062363
0.0627884
0.0632168
0.0636482
0.0640826
0.0645202
0.0649608
0.0654046
0.0658514
0.0663015
0.0667547
0.0672111
0.0676708
0.0681337
0.0685999
0.0690693
0.0695421
0.0700182
0.0704977
0.0709806
0.0714668
0.0719565
0.0724496
0.0729463
0.0734464
0.07395
0.0744572
0.074968
0.0754823
0.0760003
0.0765219
0.0770472
0.0775762
0.078109
0.0786454
0.0791857
0.0797297
0.0802776
0.0808293
0.0813849
0.0819444
0.0825078
0.0830752
0.0836466
0.084222
0.0848014
0.0853849
0.0859725
0.0865642
0.0871601
0.0877602
0.0883644
0.0889729
0.0895857
0.0902028
0.0908242
0.0914499
0.0920801
0.0927147
0.0933537
0.0939972
0.0946452
0.0952977
0.0959548
0.0966166
0.0972829
0.0979539
0.0986297
0.0993101
0.0999953
0.100685
0.10138
0.10208
0.102785
0.103494
0.104209
0.104928
0.105653
0.106382
0.107117
0.107857
0.108602
0.109352
0.110108
0.110868
0.111634
0.112406
0.113183
0.113965
0.114753
0.115546
0.116345
0.117149
0.117959
0.118775
0.119596
0.120423
0.121256
0.122095
0.122939
0.12379
0.124646
0.125509
0.126377
0.127251
0.128132
0.129019
0.129912
0.130811
0.131716
0.132628
0.133546
0.13447
0.135401
0.136339
0.137283
0.138233
0.139191
0.140155
0.141125
0.142103
0.143087
0.144078
0.145076
0.146081
0.147093
0.148112
0.149138
0.150171
0.151211
0.152259
0.153314
0.154377
0.155446
0.156524
0.157608
0.158701
0.159801
0.160908
0.162024
0.163147
0.164278
0.165417
0.166563
0.167718
0.168881
0.170052
0.171231
0.172418
0.173614
0.174817
0.17603
0.17725
0.17848
0.179717
0.180964
0.182219
0.183483
0.184755
0.186037
0.187327
0.188627
0.189935
0.191253
0.192579
0.193915
0.195261
0.196615
0.197979
0.199353
0.200736
0.202129
0.203531
0.204944
0.206366
0.207798
0.20924
0.210692
0.212154
0.213626
0.215109
0.216601
0.218105
0.219618
0.221143
0.222678
0.224223
0.225779
0.227347
0.228925
0.230514
0.232114
0.233725
0.235347
0.236981
0.238626
0.240283
0.241951
0.243631
0.245322
0.247025
0.24874
0.250467
0.252206
0.253957
0.25572
0.257496
0.259284
0.261084
0.262897
0.264722
0.26656
0.268411
0.270275
0.272152
0.274042
0.275945
0.277861
0.279791
0.281734
0.28369
0.28566
0.287644
0.289642
0.291653
0.293679
0.295718
0.297772
0.29984
0.301923
0.30402
0.306131
0.308257
0.310398
0.312554
0.314725
0.316911
0.319112
0.321329
0.323561
0.325808
0.328072
0.33035
0.332645
0.334956
0.337282
0.339625
0.341985
0.34436
0.346752
0.349161
0.351587
0.354029
0.356488
0.358965
0.361459
0.36397
0.366498
0.369044
0.371608
0.37419
0.376789
0.379407
0.382043
0.384697
0.38737
0.390061
0.392771
0.3955
0.398248
0.401015
0.403801
0.406606
0.409431
0.412276
0.41514
0.418025
0.420929
0.423854
0.426799
0.429764
0.43275
0.435757
0.438785
0.441834
0.444904
0.447995
0.451108
0.454242
0.457398
0.460577
0.463777
0.467
0.470245
0.473512
0.476802
0.480115
0.483452
0.486811
0.490194
0.4936
0.49703
0.500484
0.503961
0.507463
0.51099
0.514541
0.518116
0.521716
0.525342
0.528992
0.532668
0.53637
0.540097
0.543851
0.54763
0.551435
0.555267
0.559126
0.563012
0.566924
0.570864
0.574831
0.578826
0.582848
0.586899
0.590977
0.595084
0.59922
0.603384
0.607577
0.611799
0.616051
0.620332
0.624643
0.628984
0.633356
0.637757
0.642189
0.646652
0.651146
0.655672
0.660228
0.664817
0.669437
0.674089
0.678774
0.683491
0.688242
0.693025
0.697841
0.702691
0.707575
0.712492
0.717444
0.72243
0.727451
0.732507
0.737597
0.742724
0.747886
0.753083
0.758317
0.763587
0.768894
0.774238
0.779619
0.785038
0.790494
0.795988
0.80152
0.80709
0.8127
0.818348
0.824036
0.829763
0.83553
0.841337
0.847184
0.853072
0.859001
0.864971
0.870983
0.877037
0.883132
0.88927
0.895451
0.901674
0.907941
0.914252
0.920606
0.927004
0.933447
0.939935
0.946468
0.953046
0.95967
0.96634
0.973056
0.979819
0.98663
0.993487
1.00039
1.00735
1.01435
1.0214
1.0285
1.03564
1.04284
1.05009
1.05739
1.06474
1.07214
1.07959
1.08709
1.09465
1.10226
1.10992
1.11763
1.1254
1.13322
1.1411
1.14903
1.15702
1.16506
1.17316
1.18131
1.18952
1.19779
1.20612
1.2145
1.22294
1.23144
1.24
1.24862
1.2573
1.26603
1.27483
1.2837
1.29262
1.3016
1.31065
1.31976
1.32893
1.33817
1.34747
1.35684
1.36627
1.37576
1.38532
1.39495
1.40465
1.41441
1.42424
1.43414
1.44411
1.45415
1.46426
1.47443
1.48468
1.495
1.50539
1.51586
1.52639
1.537
1.54768
1.55844
1.56927
1.58018
1.59116
1.60222
1.61336
1.62457
1.63587
1.64724
1.65869
1.67022
1.68182
1.69351
1.70529
1.71714
1.72907
1.74109
1.75319
1.76538
1.77765
1.79001
1.80245
1.81498
1.82759
1.84029
1.85309
1.86597
1.87894
1.892
1.90515
1.91839
1.93172
1.94515
1.95867
1.97228
1.98599
1.9998
2.0137
2.02769
2.04179
2.05598
2.07027
2.08466
2.09915
2.11374
2.12843
2.14323
2.15812
2.17312
2.18823
2.20344
2.21875
2.23418
2.24971
2.26534
2.28109
2.29694
2.31291
2.32899
2.34517
2.36147
2.37789
2.39442
2.41106
2.42782
2.44469
2.46169
2.4788
2.49603
2.51338
2.53085
2.54844
2.56615
2.58399
2.60195
2.62003
2.63824
2.65658
2.67505
2.69364
2.71236
2.73122
2.7502
2.76932
2.78857
2.80795
2.82747
2.84712
2.86691
2.88684
2.9069
2.92711
2.94745
2.96794
2.98857
3.00934
3.03026
3.05132
3.07253
3.09389
3.11539
3.13704
3.15885
3.1808
3.20291
3.22517
3.24759
3.27016
3.29289
3.31577
3.33882
3.36202
3.38538
3.40891
3.4326
3.45645
3.48047
3.50465
3.529
3.55352
3.5782
3.60306
3.62808
3.65328
3.67865
3.70419
3.72991
3.7558
3.78186
3.8081
3.83452
3.86112
3.88789
3.91484
3.94196
3.96927
3.99675
4.02441
4.05225
4.08026
4.10845
4.13682
4.16536
4.19408
4.22296
4.25202
4.28125
4.31064
4.3402
4.36992
4.3998
4.42983
4.46002
4.49035
4.52082
4.55144
4.58218
4.61305
4.64404
4.67514
4.70635
4.73766
4.76905
4.80052
4.83206
4.86365
4.8953
4.92698
4.95868
4.99038
5.02208
5.05376
5.0854
5.11699
5.14851
5.17994
5.21125
5.24244
5.27349
5.30436
5.33504
5.3655
5.39573
5.42569
5.45537
5.48473
5.51376
5.54242
5.57068
5.59853
5.62594
5.65287
5.67929
5.70518
5.73052
5.75526
5.77939
5.80287
5.82568
5.84778
5.86915
5.88977
5.9096
5.92862
5.94681
5.96413
5.98057
5.9961
6.0107
6.02436
6.03704
6.04873
6.05942
6.06908
6.07771
6.08529
6.0918
6.09725
6.10162
6.1049
6.10709
6.10818
6.10818
6.10709
6.1049
6.10162
6.09725
6.0918
6.08529
6.07771
6.06908
6.05942
6.04873
6.03704
6.02436
6.0107
5.9961
5.98057
5.96413
5.94681
5.92862
5.9096
5.88977
5.86915
5.84778
5.82568
5.80287
5.77939
5.75526
5.73052
5.70518
5.67929
5.65287
5.62594
5.59853
5.57068
5.54242
5.51376
5.48473
5.45537
5.42569
5.39573
5.3655
5.33504
5.30436
5.27349
5.24244
5.21125
5.17994
5.14851
5.11699
5.0854
5.05376
5.02208
4.99038
4.95868
4.92698
4.8953
4.86365
4.83206
4.80052
4.76905
4.73766
4.70635
4.67514
4.64404
4.61305
4.58218
4.55144
4.52082
4.49035
4.46002
4.42983
4.3998
4.36992
4.3402
4.31064
4.28125
4.25202
4.22296
4.19408
4.16536
4.13682
4.10845
4.08026
4.05225
4.02441
3.99675
3.96927
3.94196
3.91484
3.88789
3.86112
3.83452
3.8081
3.78186
3.7558
3.72991
3.70419
3.67865
3.65328
3.62808
3.60306
3.5782
3.55352
3.529
3.50465
3.48047
3.45645
3.4326
3.40891
3.38538
3.36202
3.33882
3.31577
3.29289
3.27016
3.24759
3.22517
3.20291
3.1808
3.15885
3.13704
3.11539
3.09389
3.07253
3.05132
3.03026
3.00934
2.98857
2.96794
2.94745
2.92711
2.9069
2.88684
2.86691
2.84712
2.82747
2.80795
2.78857
2.76932
2.7502
2.73122
2.71236
2.69364
2.67505
2.65658
2.63824
2.62003
2.60195
2.58399
2.56615
2.54844
2.53085
2.51338
2.49603
2.4788
2.46169
2.44469
2.42782
2.41106
2.39442
2.37789
2.36147
2.34517
2.32899
2.31291
2.29694
2.28109
2.26534
2.24971
2.23418
2.21875
2.20344
2.18823
2.17312
2.15812
2.14323
2.12843
2.11374
2.09915
2.08466
2.07027
2.05598
2.04179
2.02769
2.0137
1.9998
1.98599
1.97228
1.95867
1.94515
1.93172
1.91839
1.90515
1.892
1.87894
1.86597
1.85309
1.84029
1.82759
1.81498
1.80245
1.79001
1.77765
1.76538
1.75319
1.74109
1.72907
1.71714
1.70529
1.69351
1.68182
1.67022
1.65869
1.64724
1.63587
1.62457
1.61336
1.60222
1.59116
1.58018
1.56927
1.55844
1.54768
1.537
1.52639
1.51586
1.50539
1.495
1.48468
1.47443
1.46426
1.45415
1.44411
1.43414
1.42424
1.41441
1.40465
1.39495
1.38532
1.37576
1.36627
1.35684
1.34747
1.33817
1.32893
1.31976
1.31065
1.3016
1.29262
1.2837
1.27483
1.26603
1.2573
1.24862
1.24
1.23144
1.22294
1.2145
1.20612
1.19779
1.18952
1.18131
1.17316
1.16506
1.15702
1.14903
1.1411
1.13322
1.1254
1.11763
1.10992
1.10226
1.09465
1.08709
1.07959
1.07214
1.06474
1.05739
1.05009
1.04284
1.03564
1.0285
1.0214
1.01435
1.00735
1.00039
0.993487
0.98663
0.979819
0.973056
0.96634
0.95967
0.953046
0.946468
0.939935
0.933447
0.927004
0.920606
0.914252
0.907941
0.901674
0.895451
0.88927
0.883132
0.877037
0.870983
0.864971
0.859001
0.853072
0.847184
0.841337
0.83553
0.829763
0.824036
0.818348
0.8127
0.80709
0.80152
0.795988
0.790494
0.785038
0.779619
0.774238
0.768894
0.763587
0.758317
0.753083
0.747886
0.742724
0.737597
0.732507
0.727451
0.72243
0.717444
0.712492
0.707575
0.702691
0.697841
0.693025
0.688242
0.683491
0.678774
0.674089
0.669437
0.664817
0.660228
0.655672
0.651146
0.646652
0.642189
0.637757
0.633356
0.628984
0.624643
0.620332
0.616051
0.611799
0.607577
0.603384
0.59922
0.595084
0.590977
0.586899
0.582848
0.578826
0.574831
0.570864
0.566924
0.563012
0.559126
0.555267
0.551435
0.54763
0.543851
0.540097
0.53637
0.532668
0.528992
0.525342
0.521716
0.518116
0.514541
0.51099
0.507463
0.503961
0.500484
0.49703
0.4936
0.490194
0.486811
0.483452
0.480115
0.476802
0.473512
0.470245
0.467
0.463777
0.460577
0.457398
0.454242
0.451108
0.447995
0.444904
0.441834
0.438785
0.435757
0.43275
0.429764
0.426799
0.423854
0.420929
0.418025
0.41514
0.412276
0.409431
0.406606
0.403801
0.401015
0.398248
0.3955
0.392771
0.390061
0.38737
0.384697
0.382043
0.379407
0.376789
0.37419
0.371608
0.369044
0.366498
0.36397
0.361459
0.358965
0.356488
0.354029
0.351587
0.349161
0.346752
0.34436
0.341985
0.339625
0.337282
0.334956
0.332645
0.33035
0.328072
0.325808
0.323561
0.321329
0.319112
0.316911
0.314725
0.312554
0.310398
0.308257
0.306131
0.30402
0.301923
0.29984
0.297772
0.295718
0.293679
0.291653
0.289642
0.287644
0.28566
0.28369
0.281734
0.279791
0.277861
0.275945
0.274042
0.272152
0.270275
0.268411
0.26656
0.264722
0.262897
0.261084
0.259284
0.257496
0.25572
0.253957
0.252206
0.250467
0.24874
0.247025
0.245322
0.243631
0.241951
0.240283
0.238626
0.236981
0.235347
0.233725
0.232114
0.230514
0.228925
0.227347
0.225779
0.224223
0.222678
0.221143
0.219618
0.218105
0.216601
0.215109
0.213626
0.212154
0.210692
0.20924
0.207798
0.206366
0.204944
0.203531
0.202129
0.200736
0.199353
0.197979
0.196615
0.195261
0.193915
0.192579
0.191253
0.189935
0.188627
0.187327
0.186037
0.184755
0.183483
0.182219
0.180964
0.179717
0.17848
0.17725
0.17603
0.174817
0.173614
0.172418
0.171231
0.170052
0.168881
0.167718
0.166563
0.165417
0.164278
0.163147
0.162024
0.160908
0.159801
0.158701
0.157608
0.156524
0.155446
0.154377
0.153314
0.152259
0.151211
0.150171
0.149138
0.148112
0.147093
0.146081
0.145076
0.144078
0.143087
0.142103
0.141125
0.140155
0.139191
0.138233
0.137283
0.136339
0.135401
0.13447
0.133546
0.132628
0.131716
0.130811
0.129912
0.129019
0.128132
0.127251
0.126377
0.125509
0.124646
0.12379
0.122939
0.122095
0.121256
0.120423
0.119596
0.118775
0.117959
0.117149
0.116345
0.115546
0.114753
0.113965
0.113183
0.112406
0.111634
0.110868
0.110108
0.109352
0.108602
0.107857
0.107117
0.106382
0.105653
0.104928
0.104209
0.103494
0.102785
0.10208
0.10138
0.100685
0.0999953
0.0993101
0.0986297
0.0979539
0.0972829
0.0966166
0.0959548
0.0952977
0.0946452
0.0939972
0.0933537
0.0927147
0.0920801
0.0914499
0.0908242
0.0902028
0.0895857
0.0889729
0.0883644
0.0877602
0.0871601
0.0865642
0.0859725
0.0853849
0.0848014
0.084222
0.0836466
0.0830752
0.0825078
0.0819444
0.0813849
0.0808293
0.0802776
0.0797297
0.0791857
0.0786454
0.078109
0.0775762
0.0770472
0.0765219
0.0760003
0.0754823
0.074968
0.0744572
0.07395
0.0734464
0.0729463
0.0724496
0.0719565
0.0714668
0.0709806
0.0704977
0.0700182
0.0695421
0.0690693
0.0685999
0.0681337
0.0676708
0.0672111
0.0667547
0.0663015
0.0658514
0.0654046
0.0649608
0.0645202
0.0640826
0.0636482
0.0632168
0.0627884
0.062363
0.0619407
0.0615213
0.0611048
0.0606913
0.0602807
0.059873
0.0594682
0.0590662
0.0586671
0.0582707
0.0578772
0.0574864
0.0570984
0.0567132
0.0563306
0.0559508
0.0555736
0.0551991
0.0548273
0.0544581
0.0540915
0.0537275
0.0533661
0.0530072
0.0526509
0.0522971
0.0519458
0.051597
0.0512507
0.0509069
0.0505654
0.0502265
0.0498899
0.0495557
0.0492239
0.0488944
0.0485673
0.0482426
0.0479201
0.0476
0.0472821
0.0469665
0.0466532
0.046342
0.0460332
0.0457265
0.045422
0.0451197
0.0448196
0.0445216
0.0442257
0.043932
0.0436404
0.0433508
0.0430634
0.042778
0.0424947
0.0422134
0.0419341
0.0416569
0.0413816
0.0411083
0.040837
0.0405677
0.0403003
0.0400349
0.0397713
0.0395097
0.03925
0.0389921
0.0387361
0.038482
0.0382298
0.0379793
0.0377307
0.0374839
0.0372389
0.0369957
0.0367542
0.0365145
0.0362766
0.0360404
0.035806
0.0355732
0.0353422
0.0351128
0.0348852
0.0346592
0.0344349
0.0342122
0.0339912
0.0337718
0.033554
0.0333379
0.0331233
0.0329103
0.0326989
0.0324891
0.0322808
0.0320741
0.0318689
0.0316653
0.0314632
0.0312625
0.0310634
0.0308658
0.0306696
0.030475
0.0302817
0.03009
0.0298997
0.0297108
0.0295233
0.0293373
0.0291526
0.0289694
0.0287876
0.0286071
0.028428
0.0282503
0.0280739
0.0278989
0.0277252
0.0275528
0.0273818
0.0272121
0.0270436
0.0268765
0.0267107
0.0265462
0.0263829
0.0262209
0.0260601
0.0259006
0.0257424
0.0255853
0.0254296
0.025275
0.0251216
0.0249695
0.0248185
0.0246687
0.0245202
0.0243728
0.0242265
0.0240814
0.0239375
0.0237948
0.0236531
0.0235126
0.0233733
0.023235
0.0230979
0.0229619
0.0228269
0.0226931
0.0225604
0.0224287
0.0222982
0.0221687
0.0220402
0.0219128
0.0217865
0.0216612
0.0215369
0.0214137
0.0212915
0.0211704
0.0210502
0.0209311
0.0208129
0.0206958
0.0205797
0.0204645
0.0203503
0.0202371
0.0201249
0.0200136
0.0199033
0.019794
0.0196856
0.0195781
0.0194716
0.019366
0.0192614
0.0191577
0.0190549
0.018953
0.018852
0.0187519
0.0186527
0.0185544
0.018457
0.0183605
0.0182649
0.0181702
0.0180763
0.0179833
0.0178911
0.0177998
0.0177094
0.0176198
0.0175311
0.0174432
0.0173561
0.0172699
0.0171845
0.0170999
0.0170161
0.0169332
0.016851
0.0167697
0.0166892
0.0166095
0.0165306
0.0164525
0.0163751
0.0162986
0.0162228
0.0161478
0.0160736
0.0160002
0.0159275
0.0158556
0.0157844
0.015714
0.0156444
0.0155755
0.0155074
0.01544
0.0153733
0.0153074
0.0152422
0.0151778
0.015114
0.015051
0.0149888
0.0149272
0.0148664
0.0148062
0.0147468
0.0146881
0.0146301
0.0145728
0.0145162
0.0144603
0.0144051
0.0143505
0.0142967
0.0142436
0.0141911
0.0141393
0.0140882
0.0140378
0.013988
0.0139389
0.0138905
0.0138428
0.0137957
0.0137493
0.0137035
0.0136584
0.0136139
0.0135701
0.013527
0.0134845
0.0134426
0.0134014
0.0133609
0.0133209
0.0132817
0.013243
0.013205
0.0131676
0.0131309
0.0130948
0.0130593
0.0130244
0.0129902
0.0129566
0.0129236
0.0128912
0.0128595
0.0128283
0.0127978
0.0127679
0.0127386
0.0127099
0.0126819
0.0126544
0.0126276
0.0126013
0.0125757
0.0125506
0.0125262
0.0125023
0.0124791
0.0124565
0.0124344
0.012413
0.0123921
0.0123719
0.0123522
0.0123331
0.0123147
0.0122968
0.0122795
0.0122628
0.0122467
0.0122311
0.0122162
0.0122018
0.012188
0.0121749
0.0121623
0.0121502
0.0121388
0.0121279
0.0121177
0.012108
0.0120989
0.0120903
0.0120824
0.012075
0.0120682
0.012062
0.0120564
0.0120513
0.0120469
0.012043
0.0120396
0.0120369
0.0120347
0.0120331
0.0120321
0.0120317
0.0120318
0.0120326
0.0120339
0.0120357
0.0120382
0.0120412
0.0120448
0.012049
0.0120538
0.0120591
0.0120651
0.0120716
0.0120786
0.0120863
0.0120945
0.0121034
0.0121128
0.0121227
0.0121333
0.0121444
0.0121562
0.0121685
0.0121814
0.0121949
0.0122089
0.0122236
0.0122388
0.0122546
0.0122711
0.0122881
0.0123056
0.0123238
0.0123426
0.012362
0.0123819
0.0124025
0.0124236
0.0124454
0.0124677
0.0124906
0.0125142
0.0125383
0.0125631
0.0125884
0.0126144
0.0126409
0.0126681
0.0126958
0.0127242
0.0127532
0.0127828
0.012813
0.0128438
0.0128753
0.0129073
0.01294
0.0129733
0.0130072
0.0130418
0.013077
0.0131128
0.0131492
0.0131862
0.0132239
0.0132623
0.0133012
0.0133408
0.0133811
0.013422
0.0134635
0.0135057
0.0135485
0.0135919
0.0136361
0.0136809
0.0137263
0.0137724
0.0138191
0.0138666
0.0139146
0.0139634
0.0140128
0.0140629
0.0141137
0.0141651
0.0142172
0.01427
0.0143235
0.0143777
0.0144326
0.0144881
0.0145444
0.0146014
0.014659
0.0147174
0.0147764
0.0148362
0.0148967
0.0149579
0.0150198
0.0150824
0.0151458
0.0152099
0.0152747
0.0153403
0.0154065
0.0154736
0.0155413
0.0156099
0.0156791
0.0157491
0.0158199
0.0158914
0.0159637
0.0160368
0.0161106
0.0161852
0.0162606
0.0163368
0.0164137
0.0164914
0.0165699
0.0166493
0.0167294
0.0168103
0.016892
0.0169745
0.0170579
0.0171421
0.0172271
0.0173129
0.0173995
0.017487
0.0175753
0.0176645
0.0177545
0.0178454
0.0179371
0.0180297
0.0181231
0.0182174
0.0183126
0.0184087
0.0185056
0.0186035
0.0187022
0.0188018
0.0189024
0.0190038
0.0191061
0.0192094
0.0193136
0.0194187
0.0195248
0.0196317
0.0197397
0.0198485
0.0199584
0.0200691
0.0201809
0.0202936
0.0204073
0.020522
0.0206376
0.0207543
0.0208719
0.0209905
0.0211102
0.0212308
0.0213525
0.0214752
0.0215989
0.0217237
0.0218495
0.0219764
0.0221043
0.0222333
0.0223633
0.0224944
0.0226266
0.0227599
0.0228943
0.0230297
0.0231663
0.023304
0.0234428
0.0235827
0.0237238
0.023866
0.0240093
0.0241538
0.0242995
0.0244463
0.0245943
0.0247435
0.0248938
0.0250454
0.0251981
0.0253521
0.0255073
0.0256637
0.0258213
0.0259802
0.0261403
0.0263017
0.0264644
0.0266283
0.0267935
0.0269599
0.0271277
0.0272968
0.0274671
0.0276388
0.0278119
0.0279862
0.0281619
0.028339
0.0285174
0.0286971
0.0288783
0.0290608
0.0292448
0.0294301
0.0296169
0.029805
0.0299946
0.0301857
0.0303782
0.0305721
0.0307675
0.0309644
0.0311628
0.0313627
0.031564
0.0317669
0.0319713
0.0321773
0.0323848
0.0325938
0.0328044
0.0330166
0.0332304
0.0334457
0.0336627
0.0338813
0.0341015
0.0343233
0.0345468
0.034772
0.0349988
0.0352273
0.0354575
0.0356894
0.035923
0.0361583
0.0363954
0.0366342
0.0368747
0.0371171
0.0373612
0.0376071
0.0378548
0.0381043
0.0383557
0.0386089
0.0388639
0.0391208
0.0393796
0.0396403
0.0399029
0.0401674
0.0404338
0.0407021
0.0409725
0.0412447
0.041519
0.0417952
0.0420735
0.0423538
0.0426361
0.0429204
0.0432069
0.0434953
0.0437859
0.0440786
0.0443734
0.0446703
0.0449694
0.0452706
0.045574
0.0458795
0.0461873
0.0464973
0.0468095
0.047124
0.0474408
0.0477598
0.0480811
0.0484047
0.0487306
0.0490589
0.0493895
0.0497225
0.0500579
0.0503956
0.0507358
0.0510785
0.0514236
0.0517711
0.0521211
0.0524737
0.0528287
0.0531863
0.0535465
0.0539092
0.0542745
0.0546424
0.0550129
0.055386
0.0557619
0.0561404
0.0565215
0.0569054
0.0572921
0.0576815
0.0580736
0.0584685
0.0588663
0.0592668
0.0596702
0.0600765
0.0604857
0.0608977
0.0613127
0.0617306
0.0621515
0.0625754
0.0630022
0.0634321
0.063865
0.064301
0.0647401
0.0651823
0.0656276
0.0660761
0.0665277
0.0669825
0.0674406
0.0679018
0.0683664
0.0688342
0.0693053
0.0697798
0.0702575
0.0707387
0.0712233
0.0717112
0.0722026
0.0726975
0.0731959
0.0736978
0.0742032
0.0747121
0.0752247
0.0757409
0.0762607
0.0767841
0.0773113
0.0778421
0.0783767
0.0789151
0.0794572
0.0800032
0.0805529
0.0811066
0.0816641
0.0822256
0.082791
0.0833604
0.0839338
0.0845112
0.0850926
0.0856782
0.0862678
0.0868616
0.0874596
0.0880618
0.0886681
0.0892788
0.0898937
0.0905129
0.0911365
0.0917645
0.0923968
0.0930336
0.0936749
0.0943206
0.0949709
0.0956257
0.0962851
0.0969492
0.0976178
0.0982912
0.0989693
0.0996521
0.10034
0.101032
0.101729
0.102432
0.103139
0.103851
0.104568
0.10529
0.106017
0.106749
0.107486
0.108229
0.108976
0.109729
0.110487
0.111251
0.11202
0.112794
0.113573
0.114358
0.115149
0.115945
0.116746
0.117554
0.118366
0.119185
0.120009
0.120839
0.121675
0.122516
0.123364
0.124217
0.125077
0.125942
0.126813
0.127691
0.128575
0.129464
0.13036
0.131263
0.132171
0.133086
0.134007
0.134935
0.135869
0.13681
0.137757
0.138711
0.139672
0.140639
0.141613
0.142594
0.143581
0.144576
0.145577
0.146586
0.147601
0.148624
0.149653
0.15069
0.151734
0.152786
0.153845
0.154911
0.155984
0.157065
0.158154
0.15925
0.160354
0.161465
0.162584
0.163711
0.164846
0.165989
0.16714
0.168298
0.169465
0.17064
0.171823
0.173015
0.174214
0.175422
0.176639
0.177864
0.179097
0.180339
0.18159
0.18285
0.184118
0.185395
0.186681
0.187976
0.18928
0.190593
0.191915
0.193246
0.194587
0.195937
0.197296
0.198665
0.200043
0.201431
0.202829
0.204236
0.205653
0.20708
0.208517
0.209964
0.211421
0.212889
0.214366
0.215854
0.217352
0.21886
0.220379
0.221909
0.223449
0.225
0.226562
0.228134
0.229718
0.231312
0.232918
0.234535
0.236163
0.237802
0.239453
0.241115
0.242789
0.244475
0.246172
0.247881
0.249602
0.251335
0.25308
0.254837
0.256606
0.258388
0.260182
0.261989
0.263808
0.26564
0.267484
0.269342
0.271212
0.273095
0.274992
0.276901
0.278824
0.28076
0.28271
0.284673
0.28665
0.288641
0.290646
0.292664
0.294697
0.296743
0.298804
0.30088
0.302969
0.305074
0.307192
0.309326
0.311474
0.313638
0.315816
0.31801
0.320219
0.322443
0.324683
0.326938
0.329209
0.331496
0.333798
0.336117
0.338452
0.340803
0.34317
0.345554
0.347955
0.350372
0.352806
0.355257
0.357725
0.36021
0.362712
0.365232
0.367769
0.370324
0.372897
0.375487
0.378096
0.380723
0.383368
0.386031
0.388713
0.391414
0.394133
0.396871
0.399629
0.402405
0.405201
0.408016
0.410851
0.413706
0.41658
0.419474
0.422389
0.425324
0.428279
0.431255
0.434251
0.437268
0.440307
0.443366
0.446447
0.449549
0.452672
0.455818
0.458985
0.462174
0.465385
0.468619
0.471875
0.475154
0.478456
0.481781
0.485128
0.488499
0.491894
0.495312
0.498754
0.50222
0.505709
0.509224
0.512762
0.516325
0.519913
0.523526
0.527164
0.530827
0.534516
0.53823
0.541971
0.545737
0.549529
0.553348
0.557193
0.561066
0.564965
0.568891
0.572844
0.576825
0.580833
0.58487
0.588934
0.593027
0.597148
0.601298
0.605477
0.609685
0.613922
0.618188
0.622484
0.62681
0.631166
0.635553
0.639969
0.644417
0.648895
0.653405
0.657946
0.662519
0.667123
0.671759
0.676428
0.681129
0.685862
0.690629
0.695429
0.700262
0.705129
0.710029
0.714964
0.719933
0.724936
0.729974
0.735048
0.740156
0.7453
0.75048
0.755696
0.760948
0.766236
0.771562
0.776924
0.782324
0.787761
0.793236
0.798749
0.8043
0.80989
0.815519
0.821187
0.826894
0.832641
0.838428
0.844255
0.850123
0.856032
0.861981
0.867972
0.874005
0.880079
0.886196
0.892355
0.898557
0.904802
0.911091
0.917423
0.9238
0.93022
0.936686
0.943196
0.949751
0.956352
0.962999
0.969692
0.976432
0.983219
0.990052
0.996934
1.00386
1.01084
1.01787
1.02494
1.03206
1.03924
1.04646
1.05373
1.06106
1.06843
1.07586
1.08334
1.09087
1.09845
1.10608
1.11377
1.12151
1.12931
1.13716
1.14506
1.15302
1.16103
1.1691
1.17723
1.18541
1.19365
1.20195
1.2103
1.21871
1.22718
1.23571
1.2443
1.25295
1.26166
1.27043
1.27926
1.28815
1.2971
1.30612
1.3152
1.32434
1.33354
1.34281
1.35214
1.36154
1.37101
1.38054
1.39013
1.39979
1.40952
1.41932
1.42918
1.43912
1.44912
1.45919
1.46934
1.47955
1.48983
1.50019
1.51061
1.52111
1.53169
1.54233
1.55305
1.56385
1.57472
1.58566
1.59668
1.60778
1.61896
1.63021
1.64154
1.65295
1.66444
1.67601
1.68766
1.69939
1.7112
1.7231
1.73507
1.74713
1.75928
1.7715
1.78382
1.79622
1.8087
1.82127
1.83393
1.84668
1.85951
1.87244
1.88545
1.89856
1.91176
1.92504
1.93842
1.9519
1.96546
1.97913
1.99288
2.00673
2.02068
2.03473
2.04887
2.06311
2.07745
2.09189
2.10643
2.12107
2.13582
2.15066
2.16561
2.18066
2.19582
2.21108
2.22645
2.24193
2.25751
2.2732
2.289
2.30491
2.32093
2.33707
2.35331
2.36967
2.38614
2.40272
2.41942
2.43624
2.45318
2.47023
2.4874
2.50469
2.5221
2.53963
2.55728
2.57505
2.59295
2.61098
2.62912
2.6474
2.6658
2.68433
2.70299
2.72177
2.74069
2.75974
2.77893
2.79824
2.81769
2.83728
2.857
2.87686
2.89685
2.91699
2.93726
2.95768
2.97824
2.99894
3.01978
3.04077
3.06191
3.08319
3.10462
3.1262
3.14793
3.16981
3.19184
3.21402
3.23636
3.25885
3.2815
3.30431
3.32727
3.3504
3.37368
3.39713
3.42073
3.4445
3.46844
3.49254
3.5168
3.54124
3.56584
3.59061
3.61555
3.64066
3.66594
3.6914
3.71703
3.74283
3.76881
3.79496
3.82129
3.8478
3.87448
3.90134
3.92838
3.95559
3.98299
4.01056
4.03831
4.06623
4.09434
4.12261
4.15107
4.1797
4.2085
4.23747
4.26661
4.29593
4.3254
4.35504
4.38484
4.4148
4.44491
4.47517
4.50557
4.53611
4.56679
4.5976
4.62853
4.65958
4.69073
4.72199
4.75334
4.78477
4.81628
4.84785
4.87947
4.91113
4.94282
4.97453
5.00623
5.03793
5.06959
5.10121
5.13276
5.16423
5.19561
5.22687
5.25798
5.28894
5.31972
5.3503
5.38064
5.41074
5.44056
5.47009
5.49929
5.52813
5.5566
5.58466
5.61229
5.63946
5.66614
5.69231
5.71792
5.74297
5.7674
5.79121
5.81436
5.83682
5.85856
5.87956
5.89978
5.91921
5.93782
5.95558
5.97246
5.98845
6.00352
6.01765
6.03082
6.04301
6.0542
6.06438
6.07352
6.08163
6.08868
6.09466
6.09957
6.10339
6.10613
6.10777
6.10832
